1 0.202344 0.500463 0.404687 0.999074
2 0.865104 0.512963 0.269792 0.974074
0 0.578125 0.270833 0.278125 0.497222
9 0.532292 0.296759 0.017708 0.047222
9 0.470833 0.411574 0.017708 0.043519
9 0.502083 0.412037 0.017708 0.040741
9 0.564844 0.411111 0.017188 0.044444
9 0.596875 0.410648 0.018750 0.041667
9 0.628125 0.412037 0.019792 0.042593
9 0.659375 0.412963 0.019792 0.044444
9 0.690885 0.411111 0.020313 0.048148
10 0.470833 0.467130 0.019792 0.047222
11 0.501823 0.465741 0.026562 0.050000
12 0.533854 0.466667 0.025000 0.048148
13 0.565365 0.465741 0.027604 0.046296
14 0.595573 0.466667 0.026562 0.046296
12 0.627865 0.467130 0.026562 0.047222
11 0.659635 0.468056 0.025521 0.045370
10 0.690885 0.467130 0.021354 0.045370
3 0.596094 0.243056 0.024479 0.047222
3 0.470833 0.131944 0.021875 0.045370
3 0.501302 0.131481 0.021354 0.044444
3 0.533854 0.131944 0.021875 0.043519
3 0.564323 0.131019 0.021354 0.047222
3 0.627344 0.131019 0.020313 0.047222
3 0.659115 0.131944 0.021354 0.045370
3 0.689844 0.131481 0.020313 0.044444
4 0.470833 0.075463 0.023958 0.047222
5 0.502604 0.074537 0.026042 0.049074
6 0.533854 0.076389 0.025000 0.045370
7 0.565365 0.076389 0.027604 0.045370
8 0.596615 0.076852 0.026562 0.048148
6 0.627865 0.076389 0.026562 0.047222
5 0.659375 0.075463 0.026042 0.047222
4 0.690625 0.074537 0.023958 0.045370
