2 0.862760 0.508796 0.274479 0.982407
1 0.191146 0.487037 0.382292 0.974074
0 0.580208 0.268519 0.279167 0.500000
9 0.470833 0.408796 0.021875 0.043519
9 0.501823 0.410648 0.019271 0.043519
9 0.533333 0.298148 0.019792 0.042593
9 0.565625 0.410185 0.019792 0.042593
9 0.597135 0.411111 0.019271 0.044444
9 0.627865 0.408796 0.018229 0.041667
9 0.660156 0.410185 0.019271 0.044444
9 0.691406 0.412037 0.019271 0.044444
11 0.534375 0.355556 0.026042 0.046296
10 0.471354 0.466204 0.019792 0.045370
12 0.532552 0.467593 0.024479 0.048148
13 0.564583 0.466204 0.027083 0.045370
14 0.595833 0.467130 0.027083 0.045370
12 0.627604 0.466667 0.025000 0.046296
11 0.659115 0.465741 0.025521 0.046296
10 0.690365 0.466667 0.023438 0.042593
4 0.596094 0.243056 0.023438 0.043519
4 0.470573 0.131019 0.019271 0.039815
4 0.502083 0.130556 0.018750 0.042593
4 0.533594 0.131019 0.020313 0.045370
4 0.564583 0.131481 0.021875 0.040741
4 0.627344 0.131944 0.022396 0.045370
4 0.659896 0.131944 0.020833 0.043519
4 0.690625 0.131944 0.019792 0.043519
5 0.627865 0.186574 0.024479 0.047222
5 0.501823 0.077315 0.025521 0.047222
6 0.533594 0.075000 0.025521 0.044444
6 0.628125 0.074537 0.025000 0.045370
4 0.470573 0.073611 0.021354 0.041667
4 0.690365 0.075926 0.021354 0.040741
7 0.564844 0.073611 0.027604 0.045370
8 0.595573 0.074537 0.026562 0.045370
