1 0.285156 0.480093 0.559896 0.958333
2 0.787760 0.497685 0.424479 0.989815
15 0.400521 0.252315 0.135417 0.230556
15 0.321094 0.472222 0.139063 0.288889
15 0.636719 0.218519 0.113021 0.335185
15 0.766146 0.172685 0.069792 0.230556
15 0.853385 0.253704 0.050521 0.203704
15 0.484896 0.192593 0.072917 0.207407
15 0.425260 0.056481 0.083854 0.111111
15 0.212500 0.123611 0.066667 0.178704
15 0.803906 0.061574 0.075521 0.123148
15 0.881510 0.046759 0.048438 0.093519
15 0.893229 0.166667 0.063542 0.127778
15 0.961979 0.050000 0.073958 0.100000
