0 0.580990 0.270370 0.279687 0.492593
1 0.184115 0.496296 0.360938 0.987037
2 0.866146 0.508333 0.267708 0.964815
9 0.469792 0.411111 0.022917 0.042593
9 0.501823 0.409722 0.024479 0.043519
9 0.532552 0.412500 0.021354 0.043519
9 0.564583 0.411111 0.021875 0.044444
9 0.596615 0.411574 0.023438 0.045370
9 0.628125 0.412037 0.019792 0.042593
9 0.659635 0.412037 0.023438 0.044444
9 0.691667 0.412037 0.025000 0.044444
10 0.470573 0.466204 0.024479 0.049074
11 0.501823 0.466204 0.027604 0.049074
12 0.533594 0.466667 0.026562 0.046296
13 0.565104 0.466204 0.028125 0.049074
14 0.596094 0.467130 0.028646 0.047222
12 0.628125 0.466204 0.027083 0.047222
11 0.659635 0.466667 0.026562 0.050000
10 0.689844 0.465741 0.028646 0.048148
3 0.470313 0.129167 0.025000 0.039815
3 0.501823 0.132870 0.022396 0.043519
3 0.534375 0.133333 0.022917 0.044444
3 0.564583 0.131944 0.021875 0.045370
3 0.595573 0.131944 0.022396 0.045370
3 0.629167 0.131944 0.023958 0.049074
3 0.659375 0.131481 0.023958 0.044444
3 0.690365 0.131481 0.022396 0.046296
4 0.690365 0.075463 0.022396 0.049074
5 0.659375 0.073611 0.023958 0.041667
6 0.627865 0.075000 0.024479 0.042593
8 0.596094 0.076389 0.027604 0.045370
7 0.565365 0.075463 0.028646 0.047222
6 0.533073 0.075463 0.028646 0.049074
5 0.502083 0.075463 0.027083 0.041667
4 0.470052 0.071759 0.026562 0.050926
