1 0.195052 0.500000 0.390104 1.000000
2 0.865625 0.552778 0.268750 0.888889
15 0.103906 0.156481 0.066146 0.172222
15 0.034115 0.128241 0.057813 0.215741
15 0.422656 0.191667 0.028646 0.092593
15 0.421615 0.028704 0.028646 0.057407
0 0.580729 0.267130 0.279167 0.495370
9 0.471615 0.410648 0.021354 0.043519
9 0.501823 0.409722 0.019271 0.041667
9 0.564844 0.410185 0.017188 0.046296
9 0.596875 0.411111 0.019792 0.040741
9 0.627865 0.412037 0.020313 0.042593
9 0.659896 0.410648 0.019792 0.043519
9 0.691667 0.410185 0.020833 0.050000
10 0.470833 0.467130 0.021875 0.045370
11 0.503125 0.465741 0.026042 0.044444
9 0.533333 0.300000 0.023958 0.046296
12 0.533333 0.467593 0.025000 0.042593
13 0.564063 0.466204 0.027083 0.047222
14 0.596875 0.467593 0.025000 0.048148
12 0.628385 0.468056 0.026562 0.047222
11 0.659375 0.467593 0.027083 0.046296
10 0.691146 0.467593 0.026042 0.044444
3 0.469792 0.131944 0.021875 0.047222
3 0.501302 0.130556 0.020313 0.046296
3 0.533333 0.130093 0.020833 0.047222
3 0.564323 0.131019 0.020313 0.049074
3 0.596354 0.132407 0.021875 0.046296
3 0.627083 0.130556 0.020833 0.050000
3 0.659635 0.131019 0.022396 0.047222
3 0.690104 0.130093 0.023958 0.045370
4 0.470313 0.074537 0.023958 0.047222
5 0.502344 0.075000 0.027604 0.048148
6 0.533854 0.076389 0.026042 0.045370
7 0.565625 0.076389 0.027083 0.049074
8 0.596875 0.075463 0.023958 0.045370
6 0.627865 0.075926 0.025521 0.046296
5 0.658594 0.074537 0.026562 0.047222
4 0.690365 0.075463 0.022396 0.047222
