1 0.176563 0.500463 0.350000 0.989815
2 0.872656 0.519444 0.254688 0.907407
0 0.580469 0.267593 0.282813 0.490741
9 0.470573 0.411574 0.022396 0.041667
9 0.502083 0.410648 0.019792 0.045370
9 0.534115 0.298611 0.024479 0.047222
9 0.564844 0.409722 0.019271 0.045370
9 0.595833 0.412037 0.018750 0.048148
9 0.627083 0.411574 0.020833 0.043519
9 0.659115 0.412500 0.020313 0.043519
9 0.691146 0.412037 0.019792 0.044444
11 0.533073 0.356019 0.024479 0.045370
11 0.628125 0.354630 0.027083 0.046296
10 0.470052 0.465278 0.021354 0.045370
10 0.690365 0.466667 0.024479 0.044444
12 0.533854 0.467593 0.026042 0.046296
12 0.628125 0.469907 0.026042 0.043519
13 0.565104 0.466204 0.028125 0.045370
14 0.596875 0.467130 0.026042 0.045370
3 0.596354 0.244907 0.020833 0.043519
3 0.470573 0.131481 0.020313 0.044444
3 0.502083 0.130093 0.018750 0.045370
3 0.533333 0.131944 0.020833 0.043519
3 0.565625 0.132870 0.018750 0.043519
3 0.628385 0.130556 0.019271 0.046296
3 0.658594 0.132407 0.020313 0.044444
3 0.690885 0.129630 0.019271 0.042593
5 0.533594 0.186111 0.025521 0.048148
5 0.628385 0.185648 0.025521 0.047222
4 0.470052 0.074537 0.022396 0.043519
4 0.691146 0.074537 0.020833 0.047222
6 0.533333 0.076852 0.022917 0.044444
6 0.628125 0.075000 0.025000 0.046296
7 0.564583 0.074537 0.028125 0.045370
8 0.595313 0.075463 0.026042 0.047222
