1 0.207552 0.503704 0.415104 0.992593
2 0.910417 0.527778 0.179167 0.944444
15 0.034896 0.132870 0.069792 0.182407
15 0.111979 0.152778 0.043750 0.137037
15 0.167969 0.115278 0.052604 0.143519
15 0.409115 0.262963 0.052604 0.225926
15 0.807031 0.428241 0.074479 0.202778
15 0.763802 0.174537 0.059896 0.236111
15 0.798438 0.043981 0.066667 0.082407
15 0.876563 0.049074 0.038542 0.064815
15 0.580469 0.268519 0.279687 0.494444
9 0.471094 0.410648 0.021354 0.047222
9 0.503125 0.413426 0.021875 0.047222
11 0.534635 0.352778 0.024479 0.050000
9 0.533594 0.298148 0.023438 0.048148
9 0.564323 0.409722 0.021354 0.045370
9 0.596615 0.411111 0.020313 0.040741
9 0.628385 0.412037 0.019271 0.042593
9 0.658594 0.411574 0.019271 0.045370
9 0.690365 0.412500 0.018229 0.043519
10 0.471094 0.466667 0.025521 0.046296
12 0.533333 0.466667 0.026042 0.048148
13 0.565365 0.466667 0.027604 0.048148
14 0.596354 0.466667 0.026042 0.046296
12 0.628125 0.467130 0.027083 0.047222
11 0.659896 0.467593 0.026042 0.046296
10 0.690885 0.466667 0.024479 0.042593
3 0.596875 0.244444 0.019792 0.044444
3 0.470833 0.130093 0.019792 0.047222
3 0.502083 0.132870 0.020833 0.043519
3 0.534635 0.131944 0.020313 0.043519
3 0.564323 0.131481 0.019271 0.046296
3 0.627865 0.130556 0.021354 0.046296
3 0.659896 0.132407 0.019792 0.044444
3 0.690885 0.131481 0.020313 0.046296
4 0.470833 0.074537 0.026042 0.045370
5 0.502344 0.075463 0.025521 0.045370
6 0.533073 0.075463 0.024479 0.041667
7 0.565104 0.075926 0.028125 0.046296
8 0.596354 0.074537 0.025000 0.043519
6 0.628906 0.076852 0.024479 0.046296
5 0.659375 0.075463 0.026042 0.045370
4 0.690885 0.075926 0.025521 0.046296
