1 0.156250 0.497685 0.305208 0.989815
2 0.913542 0.532870 0.172917 0.884259
15 0.400781 0.264352 0.077604 0.204630
15 0.764583 0.227315 0.067708 0.325000
15 0.807813 0.027778 0.060417 0.051852
15 0.878125 0.051389 0.037500 0.071296
15 0.958594 0.041667 0.072396 0.079630
15 0.339062 0.387500 0.043750 0.056481
15 0.103906 0.128704 0.066146 0.092593
15 0.185938 0.083796 0.033333 0.075000
15 0.031771 0.134259 0.048958 0.140741
0 0.579167 0.266667 0.281250 0.496296
9 0.469792 0.411111 0.019792 0.044444
9 0.500521 0.408796 0.020833 0.047222
9 0.533333 0.331019 0.022917 0.045370
9 0.565365 0.410185 0.024479 0.048148
9 0.596094 0.411574 0.020313 0.043519
9 0.627865 0.409722 0.022396 0.039815
9 0.658333 0.412037 0.019792 0.042593
9 0.690625 0.411111 0.018750 0.044444
10 0.470573 0.466667 0.023438 0.048148
11 0.502344 0.465278 0.027604 0.047222
12 0.534115 0.465741 0.027604 0.048148
13 0.565104 0.465741 0.027083 0.050000
14 0.596615 0.467593 0.027604 0.046296
12 0.627604 0.465741 0.026042 0.050000
11 0.659115 0.465741 0.026562 0.048148
3 0.690625 0.466204 0.023958 0.047222
3 0.470573 0.130093 0.021354 0.045370
3 0.503125 0.131944 0.020833 0.043519
3 0.533073 0.132407 0.020313 0.044444
3 0.565365 0.132407 0.019271 0.046296
3 0.597396 0.131481 0.019792 0.048148
3 0.628125 0.132407 0.019792 0.046296
3 0.659115 0.130556 0.020313 0.046296
3 0.690625 0.130556 0.022917 0.046296
6 0.470052 0.075000 0.023438 0.044444
5 0.501823 0.075926 0.026562 0.048148
6 0.532813 0.076852 0.027083 0.046296
7 0.565104 0.075926 0.027083 0.048148
8 0.595833 0.073611 0.028125 0.047222
6 0.628125 0.076852 0.028125 0.046296
5 0.659375 0.074537 0.026042 0.045370
4 0.691146 0.075000 0.023958 0.048148
