1 0.179948 0.496296 0.359896 0.992593
2 0.891667 0.546759 0.216667 0.906481
0 0.579688 0.267130 0.280208 0.499074
9 0.470313 0.410648 0.019792 0.043519
9 0.502344 0.412037 0.020313 0.044444
9 0.533073 0.301852 0.018229 0.044444
9 0.565104 0.356944 0.018750 0.045370
9 0.595833 0.410648 0.020833 0.041667
9 0.627344 0.411574 0.019271 0.041667
9 0.660937 0.411574 0.020833 0.047222
9 0.691406 0.412500 0.020313 0.043519
11 0.534115 0.356481 0.024479 0.048148
11 0.628385 0.356481 0.024479 0.046296
10 0.470573 0.468056 0.020313 0.043519
10 0.691146 0.468056 0.019792 0.043519
12 0.534115 0.465741 0.023438 0.046296
12 0.628125 0.466204 0.026042 0.047222
13 0.564583 0.467593 0.027083 0.046296
14 0.596094 0.468519 0.026562 0.044444
3 0.596094 0.244907 0.021354 0.043519
3 0.471094 0.131481 0.020313 0.040741
3 0.502083 0.131944 0.018750 0.043519
3 0.533854 0.132407 0.023958 0.042593
3 0.566146 0.131944 0.022917 0.043519
3 0.627604 0.132407 0.023958 0.042593
3 0.659115 0.130093 0.023438 0.041667
3 0.690365 0.132407 0.021354 0.042593
4 0.470573 0.075926 0.022396 0.046296
4 0.691406 0.075463 0.023438 0.045370
5 0.534115 0.187963 0.026562 0.044444
5 0.627604 0.187963 0.026042 0.046296
6 0.534115 0.074537 0.025521 0.045370
6 0.627604 0.074537 0.026042 0.047222
7 0.565104 0.075000 0.028125 0.048148
8 0.596354 0.075926 0.026042 0.046296
