1 0.180208 0.500463 0.347917 0.999074
2 0.869271 0.496759 0.261458 0.991667
15 0.397396 0.257870 0.069792 0.228704
15 0.336719 0.381481 0.053646 0.074074
15 0.805208 0.375000 0.032292 0.070370
15 0.837500 0.213426 0.044792 0.104630
15 0.882552 0.143519 0.051562 0.072222
15 0.754167 0.114352 0.043750 0.093519
15 0.802344 0.037500 0.058854 0.075000
15 0.881771 0.046296 0.071875 0.068519
15 0.105469 0.112963 0.055729 0.116667
15 0.169792 0.084722 0.030208 0.106481
15 0.017188 0.293519 0.034375 0.116667
15 0.024219 0.096296 0.048438 0.075926
15 0.030208 0.016667 0.042708 0.033333
0 0.579948 0.267593 0.279687 0.492593
9 0.470313 0.410648 0.019792 0.043519
9 0.502344 0.412500 0.020313 0.041667
9 0.564323 0.411111 0.019271 0.040741
9 0.595573 0.412500 0.020313 0.041667
9 0.628385 0.411574 0.019271 0.039815
9 0.659635 0.411111 0.020313 0.042593
9 0.691146 0.411111 0.020833 0.044444
9 0.532552 0.300000 0.021354 0.046296
11 0.533333 0.354167 0.026042 0.043519
11 0.628385 0.355556 0.025521 0.046296
10 0.470833 0.467130 0.020833 0.045370
10 0.691406 0.467130 0.020313 0.043519
12 0.533854 0.467593 0.026042 0.046296
12 0.628125 0.467593 0.023958 0.048148
13 0.564844 0.466667 0.025521 0.044444
14 0.596354 0.464815 0.026042 0.048148
3 0.595833 0.242593 0.021875 0.044444
3 0.470573 0.131481 0.019271 0.044444
3 0.501563 0.131481 0.019792 0.042593
3 0.533594 0.132870 0.021354 0.043519
3 0.565365 0.131944 0.021354 0.045370
3 0.627604 0.131944 0.017708 0.043519
3 0.658854 0.131481 0.017708 0.040741
3 0.689844 0.131481 0.016146 0.044444
5 0.626823 0.184259 0.023438 0.048148
5 0.502865 0.074074 0.025521 0.042593
6 0.534375 0.074074 0.023958 0.044444
6 0.627344 0.075926 0.025521 0.046296
4 0.470573 0.074537 0.019271 0.041667
4 0.689844 0.075000 0.023438 0.044444
7 0.565365 0.075926 0.027604 0.046296
8 0.596094 0.076852 0.025521 0.046296
