1 0.218750 0.482870 0.432292 0.960185
2 0.901042 0.497685 0.197917 0.993519
0 0.579688 0.268981 0.280208 0.497222
9 0.469792 0.407870 0.026042 0.049074
9 0.502344 0.410185 0.022396 0.046296
9 0.533594 0.410648 0.020313 0.043519
9 0.564844 0.411111 0.020313 0.042593
9 0.597135 0.412037 0.021354 0.042593
9 0.626823 0.411111 0.021354 0.044444
9 0.658073 0.410648 0.021354 0.043519
9 0.690104 0.410648 0.019792 0.047222
10 0.469271 0.464352 0.022917 0.045370
11 0.501563 0.465278 0.026042 0.041667
12 0.533073 0.467593 0.025521 0.046296
13 0.564323 0.466204 0.029687 0.045370
14 0.596094 0.466667 0.026562 0.046296
12 0.627604 0.465278 0.023958 0.045370
11 0.659115 0.465278 0.026562 0.047222
10 0.689844 0.466204 0.023438 0.047222
3 0.470313 0.131481 0.022917 0.048148
3 0.502083 0.131019 0.019792 0.047222
3 0.532552 0.129167 0.019271 0.045370
3 0.565104 0.131019 0.021875 0.047222
3 0.596094 0.131481 0.022396 0.044444
3 0.627083 0.131019 0.020833 0.045370
3 0.659115 0.131944 0.020313 0.043519
3 0.690625 0.131944 0.022917 0.045370
4 0.470833 0.076389 0.022917 0.047222
5 0.502344 0.075463 0.025521 0.045370
6 0.534115 0.075463 0.025521 0.045370
7 0.564583 0.075926 0.026042 0.044444
8 0.597135 0.076389 0.025521 0.047222
6 0.629427 0.075926 0.025521 0.046296
5 0.659375 0.076389 0.026042 0.045370
4 0.689844 0.075463 0.025521 0.049074
