1 0.175354 0.480084 0.343160 0.953878
2 0.887500 0.504717 0.225000 0.990566
0 0.580352 0.269311 0.278157 0.499113
9 0.627537 0.409250 0.019654 0.036211
9 0.658984 0.410838 0.018939 0.041929
9 0.691324 0.353662 0.021441 0.041929
9 0.470755 0.354507 0.018868 0.040881
9 0.502037 0.299409 0.017510 0.043199
9 0.596305 0.188107 0.018939 0.041929
10 0.470412 0.466457 0.019297 0.043835
10 0.627358 0.468070 0.021771 0.045154
14 0.658427 0.468473 0.024946 0.044348
13 0.627358 0.298339 0.026306 0.044348
11 0.627358 0.353975 0.026306 0.044348
11 0.595836 0.408402 0.024946 0.048379
3 0.564087 0.242703 0.019503 0.042735
3 0.470655 0.186260 0.018596 0.044348
3 0.628266 0.186260 0.018142 0.044348
3 0.659107 0.132237 0.019049 0.042735
3 0.690630 0.130624 0.016782 0.042735
6 0.501950 0.130221 0.025853 0.046767
6 0.596743 0.131834 0.025853 0.043541
4 0.533019 0.075794 0.022678 0.044348
4 0.627812 0.075391 0.021771 0.045154
7 0.565221 0.075391 0.028120 0.043541
8 0.689949 0.075794 0.024492 0.047573