15 0.209552 0.136268 0.107311 0.203354
15 0.315094 0.461216 0.143868 0.295597
15 0.425354 0.060273 0.102594 0.120545
15 0.418278 0.281971 0.130896 0.247379
15 0.470165 0.174004 0.123821 0.207547
15 0.618750 0.198113 0.095519 0.377358
15 0.700708 0.335430 0.120283 0.433962
15 0.763208 0.142558 0.073113 0.207547
15 0.833373 0.252621 0.086085 0.222222
15 0.796816 0.055556 0.064858 0.109015
15 0.882311 0.067086 0.047170 0.106918
15 0.879363 0.145702 0.069575 0.142558
15 0.962382 0.044549 0.075236 0.089098
2 0.905778 0.531971 0.188443 0.936058
1 0.120519 0.500524 0.240566 0.998952
1 0.496698 0.786164 0.000000 0.002096