1 0.186557 0.491614 0.372642 0.981132
2 0.872914 0.541526 0.254172 0.916948
0 0.579826 0.270118 0.279390 0.496694
9 0.470519 0.355556 0.020283 0.041090
9 0.501887 0.409644 0.019811 0.040252
9 0.627830 0.411321 0.016981 0.040252
9 0.658962 0.411321 0.017925 0.041929
9 0.690566 0.354298 0.017925 0.043606
9 0.564623 0.242767 0.019811 0.043606
9 0.596462 0.244025 0.018396 0.041090
10 0.470047 0.466247 0.019340 0.042767
10 0.691038 0.467086 0.021698 0.044444
11 0.533255 0.355136 0.025000 0.043606
11 0.627594 0.354298 0.025000 0.043606
12 0.532783 0.298113 0.025943 0.046960
13 0.564151 0.464570 0.027358 0.042767
14 0.596462 0.465409 0.025943 0.044444
3 0.627830 0.299371 0.024528 0.042767
3 0.470047 0.187002 0.020283 0.044444
3 0.501415 0.132495 0.020755 0.042767
3 0.532547 0.131237 0.018868 0.045283
3 0.628538 0.129979 0.019340 0.039413
3 0.658491 0.130398 0.019811 0.041929
3 0.691509 0.130818 0.018868 0.041090
5 0.470283 0.241929 0.024528 0.046960
6 0.596226 0.129979 0.025472 0.046122
4 0.470991 0.075052 0.022170 0.041929
4 0.627358 0.075472 0.018868 0.041090
6 0.533255 0.075052 0.026887 0.045283
7 0.564623 0.074633 0.028302 0.047799
8 0.691038 0.073795 0.026415 0.047799