1 0.198231 0.492138 0.396462 0.984276
2 0.870401 0.502621 0.259198 0.994758
0 0.579666 0.268731 0.279143 0.493437
3 0.627974 0.185489 0.019483 0.041929
3 0.470057 0.185945 0.019483 0.042840
3 0.564653 0.240634 0.017945 0.050132
3 0.628486 0.298970 0.020509 0.044663
3 0.660018 0.130799 0.018970 0.043752
3 0.691038 0.132622 0.018458 0.045575
4 0.470314 0.073831 0.025123 0.044663
4 0.627717 0.077021 0.024098 0.043752
7 0.565935 0.076110 0.030763 0.045575
8 0.691038 0.074287 0.026661 0.045575
6 0.502102 0.129888 0.025123 0.047398
6 0.596954 0.129432 0.026148 0.044663
9 0.596442 0.187312 0.017945 0.045575
9 0.502102 0.298059 0.017945 0.041017
9 0.471083 0.353660 0.017432 0.044663
9 0.690012 0.354115 0.018458 0.040106
9 0.627461 0.408805 0.018458 0.043752
9 0.658224 0.410172 0.018458 0.042840
13 0.533378 0.297603 0.027174 0.047398
14 0.661044 0.466229 0.026148 0.047398
10 0.627461 0.464406 0.021534 0.045575
10 0.470826 0.465773 0.021021 0.044663
11 0.533890 0.355483 0.024098 0.044663
11 0.628486 0.352292 0.026661 0.047398