1 0.178891 0.493711 0.352594 0.985325
2 0.864505 0.503145 0.270990 0.991614
0 0.579515 0.269542 0.277965 0.492662
9 0.470197 0.355536 0.021441 0.043835
9 0.502090 0.297885 0.021977 0.042882
9 0.564537 0.244044 0.018225 0.041929
9 0.596698 0.186869 0.019297 0.041929
9 0.691038 0.354107 0.020369 0.040976
9 0.658340 0.410806 0.019297 0.041929
9 0.627251 0.409853 0.018225 0.040023
10 0.471001 0.465123 0.019833 0.041929
10 0.627519 0.466552 0.018761 0.042882
11 0.533448 0.355536 0.024657 0.043835
11 0.627787 0.354107 0.025729 0.044787
13 0.564537 0.299790 0.026801 0.044787
14 0.659145 0.467505 0.024121 0.044787
3 0.533180 0.299695 0.023049 0.041929
3 0.627787 0.299219 0.020369 0.040976
3 0.627519 0.186297 0.018761 0.043835
3 0.658876 0.131980 0.019297 0.041929
3 0.690502 0.131027 0.017153 0.043835
3 0.470465 0.185344 0.018761 0.041929
3 0.533180 0.129598 0.019833 0.044787
6 0.501018 0.131027 0.024121 0.047646
6 0.595894 0.130551 0.025193 0.044787
4 0.470197 0.075281 0.021441 0.042882
4 0.628055 0.074328 0.018761 0.042882
7 0.565609 0.076234 0.027873 0.046693
8 0.690234 0.075281 0.025193 0.046693