1 0.165330 0.500000 0.330189 1.000000
2 0.873939 0.505765 0.252122 0.988470
0 0.581106 0.271256 0.280398 0.498486
10 0.469979 0.466937 0.018837 0.041901
10 0.627636 0.465840 0.020810 0.043162
9 0.627636 0.411765 0.019423 0.042545
9 0.659545 0.411456 0.017342 0.040696
9 0.690552 0.355408 0.018036 0.041312
9 0.470137 0.354483 0.018382 0.044395
9 0.501873 0.299297 0.018036 0.042545
9 0.596132 0.186247 0.017925 0.038574
11 0.596368 0.411405 0.025000 0.044444
11 0.627736 0.355639 0.024528 0.043606
13 0.627736 0.299874 0.026415 0.042767
14 0.658868 0.466331 0.025472 0.045283
3 0.565000 0.243270 0.018868 0.048637
3 0.470660 0.187505 0.017925 0.042767
3 0.627972 0.187505 0.017453 0.041090
3 0.659104 0.132579 0.018396 0.041929
3 0.690943 0.130901 0.018868 0.043606
4 0.533396 0.075891 0.020755 0.043606
4 0.627736 0.074214 0.021698 0.041929
6 0.502028 0.130398 0.025943 0.045283
6 0.596604 0.131656 0.025472 0.047799
7 0.565000 0.075891 0.027358 0.043606
8 0.690000 0.075052 0.026415 0.041929