1 0.180660 0.501572 0.356132 0.996855
2 0.864505 0.501572 0.270990 0.996855
0 0.581014 0.267296 0.279481 0.494759
9 0.470873 0.354612 0.016509 0.044025
9 0.502123 0.298532 0.017689 0.042977
9 0.595873 0.187421 0.018868 0.042977
9 0.628007 0.411740 0.015920 0.038784
9 0.658962 0.410692 0.016509 0.045073
9 0.690507 0.355136 0.020637 0.045073
3 0.564917 0.244025 0.020637 0.042977
3 0.627417 0.186897 0.019458 0.039832
3 0.659552 0.131866 0.018868 0.040881
3 0.691097 0.131342 0.018278 0.041929
3 0.469988 0.186373 0.017099 0.040881
6 0.502712 0.130294 0.023585 0.046122
6 0.597347 0.132914 0.022995 0.045073
4 0.533667 0.075262 0.020637 0.047170
4 0.628007 0.075262 0.020637 0.042977
7 0.565212 0.074738 0.028302 0.046122
8 0.689917 0.074738 0.022995 0.041929
10 0.470283 0.467296 0.020047 0.042977
10 0.628302 0.465723 0.023585 0.046122
14 0.658373 0.467820 0.025943 0.044025
11 0.628597 0.355660 0.027712 0.044025
13 0.628597 0.299057 0.027712 0.050314
11 0.596462 0.410692 0.027123 0.045073