0 0.580307 0.267486 0.283255 0.495140
2 0.891627 0.503669 0.216745 0.992662
1 0.216038 0.488994 0.426887 0.977987
9 0.469911 0.410647 0.018582 0.041293
9 0.500726 0.410794 0.020561 0.041391
9 0.564490 0.355608 0.019163 0.045204
9 0.596366 0.410967 0.018057 0.044549
9 0.627137 0.411950 0.019900 0.043894
9 0.659567 0.411622 0.019163 0.041929
9 0.691075 0.410967 0.020268 0.039308
11 0.532540 0.355280 0.025427 0.045860
11 0.627616 0.355936 0.026165 0.047170
10 0.471182 0.467309 0.020637 0.041929
10 0.690632 0.466654 0.021005 0.044549
12 0.533461 0.467309 0.026533 0.047170
12 0.627801 0.467309 0.025796 0.044549
13 0.564416 0.465998 0.027270 0.045860
14 0.596109 0.465998 0.025796 0.045860
3 0.596293 0.242597 0.020268 0.044549
3 0.469892 0.132206 0.018794 0.042584
3 0.501769 0.132206 0.019900 0.042584
3 0.533277 0.131879 0.020268 0.044549
3 0.627432 0.131224 0.020637 0.043239
3 0.659124 0.131551 0.019900 0.045204
3 0.690817 0.130896 0.020637 0.042584
4 0.470814 0.075865 0.019900 0.045204
4 0.691001 0.075537 0.020268 0.044549
6 0.533277 0.075865 0.023953 0.045204
6 0.628169 0.076192 0.025796 0.045860
7 0.564048 0.074882 0.026533 0.045860
8 0.596661 0.075210 0.026165 0.047825
5 0.564617 0.243617 0.025701 0.044616
5 0.533321 0.187712 0.026004 0.045692