1 0.193042 0.496331 0.383255 0.992662
2 0.879245 0.500524 0.241509 0.998952
0 0.582193 0.265199 0.279481 0.494759
9 0.470153 0.410901 0.019519 0.042652
9 0.502074 0.410901 0.018299 0.039760
9 0.627196 0.410179 0.018705 0.041206
9 0.658507 0.410901 0.019519 0.039760
9 0.690062 0.410179 0.018705 0.041206
9 0.565509 0.355310 0.020738 0.040483
9 0.596617 0.299646 0.019519 0.041929
11 0.628131 0.354948 0.026431 0.045543
11 0.533385 0.354948 0.025618 0.045543
12 0.628131 0.466999 0.026431 0.048435
12 0.627102 0.300369 0.021983 0.047712
10 0.470885 0.465192 0.020332 0.041929
10 0.691075 0.467178 0.020268 0.043239
13 0.564490 0.466195 0.028007 0.046515
14 0.595814 0.466523 0.025059 0.047170
3 0.596366 0.243056 0.020268 0.042584
3 0.470519 0.131027 0.016952 0.041274
3 0.502027 0.131355 0.019531 0.040618
3 0.533166 0.131355 0.018426 0.041929
3 0.627874 0.131027 0.019163 0.041274
3 0.659751 0.132010 0.017320 0.041929
3 0.690153 0.131355 0.018426 0.041929
5 0.533166 0.187369 0.025796 0.043894
10 0.471072 0.075996 0.021742 0.041274
10 0.690522 0.074686 0.021374 0.042584
10 0.683152 0.212264 0.000000 0.000655
6 0.533166 0.074686 0.025796 0.045204
6 0.627874 0.076323 0.025059 0.047170
7 0.565043 0.074358 0.026902 0.045860
8 0.596551 0.075013 0.025059 0.044549