1 0.136321 0.500000 0.272641 1.000000
2 0.877476 0.493711 0.245047 0.976939
0 0.580425 0.268709 0.280660 0.496125
9 0.470301 0.411283 0.019088 0.042882
9 0.502026 0.410955 0.018445 0.040854
9 0.627570 0.410149 0.017235 0.040316
9 0.658956 0.411923 0.019049 0.041929
9 0.690554 0.412460 0.018142 0.040854
9 0.564919 0.298769 0.017840 0.041391
9 0.596517 0.299038 0.018142 0.041929
11 0.533912 0.354488 0.026086 0.045105
11 0.627180 0.354806 0.025372 0.043199
10 0.470126 0.466616 0.019297 0.041929
10 0.690430 0.466616 0.019654 0.041929
12 0.628073 0.465345 0.026444 0.047011
13 0.565359 0.465663 0.028230 0.047646
14 0.596448 0.465345 0.024657 0.045740
3 0.627895 0.299536 0.019654 0.041929
3 0.470126 0.131504 0.018582 0.043835
3 0.501572 0.131186 0.018582 0.043199
3 0.533198 0.131186 0.019654 0.043199
3 0.627359 0.130868 0.019297 0.042564
3 0.658626 0.130868 0.017510 0.043835
3 0.690073 0.131821 0.019654 0.041929
5 0.533198 0.186138 0.025372 0.043835
4 0.471198 0.075281 0.020011 0.044470
4 0.690609 0.075916 0.021441 0.043199
6 0.533555 0.074646 0.025372 0.047011
6 0.627895 0.076552 0.024657 0.047011
7 0.564644 0.074963 0.026801 0.046376
8 0.596269 0.074646 0.025014 0.047011