1 0.180071 0.500524 0.347877 0.998952
2 0.869222 0.496855 0.261556 0.991614
0 0.579852 0.268044 0.279650 0.492662
9 0.470423 0.410788 0.019760 0.043629
9 0.502613 0.412205 0.020398 0.041929
9 0.564125 0.411071 0.019123 0.040796
9 0.595678 0.411921 0.020398 0.041362
9 0.628187 0.411355 0.019123 0.040229
9 0.659581 0.410788 0.020079 0.042495
9 0.691152 0.411104 0.020922 0.044634
9 0.532816 0.300224 0.021552 0.046266
11 0.533425 0.354442 0.026025 0.043375
11 0.628375 0.355165 0.025618 0.046266
10 0.471007 0.466855 0.020738 0.045543
10 0.691607 0.467216 0.020332 0.043375
12 0.533832 0.467939 0.026025 0.046266
12 0.627968 0.467072 0.023992 0.047712
13 0.564940 0.466710 0.025618 0.044097
14 0.596454 0.465264 0.026025 0.048435
3 0.596129 0.242175 0.021958 0.044097
3 0.470682 0.131569 0.019112 0.044097
3 0.501586 0.131569 0.019925 0.042652
3 0.533710 0.132654 0.021552 0.043375
3 0.565428 0.132292 0.021552 0.045543
3 0.627643 0.131931 0.017485 0.043375
3 0.658751 0.131208 0.017892 0.040483
3 0.690062 0.131569 0.016265 0.044097
5 0.626830 0.183980 0.023178 0.047712
5 0.502806 0.074460 0.025618 0.042652
6 0.534523 0.073737 0.023992 0.044097
6 0.627643 0.075544 0.025618 0.046266
4 0.470478 0.074821 0.019519 0.041929
4 0.689858 0.074821 0.023178 0.044820
7 0.565224 0.075544 0.027651 0.046266
8 0.595926 0.076990 0.025618 0.046266
