1 0.129835 0.500000 0.259670 1.000000
2 0.868632 0.503669 0.262736 0.992662
0 0.578947 0.267930 0.281281 0.500221
9 0.469951 0.411057 0.018344 0.044258
9 0.502053 0.412221 0.017907 0.040376
9 0.564291 0.300023 0.018344 0.042705
9 0.595956 0.297306 0.017907 0.043482
9 0.627402 0.412221 0.017907 0.046587
9 0.659067 0.409892 0.018344 0.043482
9 0.690077 0.409504 0.018344 0.042705
10 0.470606 0.466573 0.021401 0.048140
10 0.691387 0.466573 0.019217 0.040376
13 0.564727 0.465021 0.027952 0.048140
14 0.595956 0.466185 0.024895 0.047364
12 0.627839 0.465409 0.024895 0.044258
11 0.532626 0.355152 0.024022 0.045811
11 0.627402 0.354375 0.024895 0.044258
3 0.627402 0.298082 0.021401 0.043482
3 0.469951 0.131144 0.019217 0.045035
3 0.502490 0.131920 0.018781 0.041929
3 0.533063 0.130755 0.020528 0.044258
3 0.627839 0.131532 0.018781 0.041152
3 0.658412 0.131920 0.019654 0.043482
3 0.690077 0.131144 0.018344 0.043482
4 0.470606 0.074462 0.019654 0.041929
4 0.691169 0.076792 0.019654 0.043482
6 0.533063 0.075627 0.025769 0.045811
6 0.564291 0.186660 0.025332 0.045811
5 0.533718 0.188213 0.025332 0.047364
7 0.564727 0.075627 0.027952 0.047364
8 0.596392 0.075316 0.024895 0.047364