1 0.179953 0.496331 0.359906 0.992662
2 0.891627 0.546646 0.216745 0.906708
15 0.094575 0.149895 0.075472 0.138365
15 0.161203 0.102725 0.034198 0.123690
15 0.409434 0.249476 0.056604 0.178197
15 0.337594 0.354549 0.048585 0.081342
15 0.777358 0.134172 0.089623 0.148847
15 0.883491 0.063941 0.054245 0.075472
15 0.961321 0.055556 0.056604 0.109015
15 0.800943 0.044549 0.063679 0.089098
0 0.579734 0.266946 0.280222 0.498952
9 0.470314 0.410446 0.019996 0.043752
9 0.502358 0.411813 0.020509 0.044663
9 0.533121 0.301522 0.018458 0.044663
9 0.565166 0.356668 0.018970 0.045575
9 0.595929 0.410446 0.021021 0.041929
9 0.627461 0.411357 0.019483 0.041929
9 0.661044 0.411357 0.021021 0.047398
9 0.691550 0.412269 0.020509 0.043752
11 0.534147 0.356212 0.024610 0.048309
11 0.628486 0.356212 0.024610 0.046486
10 0.470570 0.467870 0.020509 0.043752
10 0.691294 0.467870 0.019996 0.043752
12 0.534147 0.465591 0.023585 0.046486
12 0.628230 0.466047 0.026148 0.047398
13 0.564653 0.467414 0.027174 0.046486
14 0.596185 0.468326 0.026661 0.044663
3 0.596185 0.244736 0.021534 0.043752
3 0.471083 0.131255 0.020509 0.041017
3 0.502102 0.131711 0.018970 0.043752
3 0.533890 0.132167 0.024098 0.042840
3 0.566192 0.131711 0.023072 0.043752
3 0.627376 0.132193 0.023755 0.042892
3 0.659131 0.130279 0.023248 0.041929
3 0.690633 0.132375 0.021563 0.042528
4 0.470451 0.075472 0.022574 0.046122
4 0.691139 0.075172 0.023248 0.045523
5 0.534131 0.187781 0.026617 0.044325
5 0.627628 0.187781 0.026280 0.046721
6 0.533794 0.074573 0.025270 0.045523
6 0.627965 0.074873 0.026280 0.047320
7 0.565128 0.075172 0.027965 0.047919
8 0.596462 0.076370 0.025943 0.046721