0 0.581014 0.270440 0.279481 0.492662
1 0.184198 0.496855 0.360849 0.987421
2 0.866274 0.508386 0.267452 0.964361
9 0.469736 0.410822 0.022949 0.042469
9 0.501969 0.410123 0.024521 0.043866
9 0.532311 0.411950 0.021226 0.043326
9 0.564544 0.411251 0.022013 0.044724
9 0.596580 0.411600 0.023192 0.045423
9 0.627830 0.411600 0.019654 0.042628
9 0.659473 0.411600 0.023192 0.044025
9 0.691470 0.411950 0.024764 0.044724
10 0.470700 0.465946 0.024492 0.048917
11 0.501844 0.466484 0.027516 0.048917
12 0.533593 0.466753 0.026306 0.046229
13 0.565040 0.466484 0.028120 0.048917
14 0.596184 0.467290 0.028725 0.047304
12 0.627993 0.466000 0.026911 0.047304
11 0.659500 0.466806 0.026306 0.049992
10 0.690008 0.465749 0.028662 0.047807
3 0.470360 0.128959 0.024860 0.039776
3 0.501912 0.132302 0.022310 0.043062
3 0.534421 0.133152 0.022947 0.044762
3 0.564699 0.131736 0.021673 0.045328
3 0.595901 0.131736 0.022629 0.045328
3 0.629175 0.131736 0.023904 0.048728
3 0.659453 0.131452 0.023904 0.044762
3 0.690687 0.131736 0.022629 0.046462
4 0.690660 0.075807 0.022642 0.049476
5 0.659292 0.073375 0.024057 0.041929
6 0.627925 0.075472 0.024528 0.042767
8 0.595849 0.075891 0.027358 0.045283
7 0.565425 0.075052 0.028774 0.046960
6 0.533349 0.075052 0.028774 0.048637
5 0.501745 0.075891 0.026887 0.041929
4 0.469906 0.072117 0.026415 0.051153
