1 0.200708 0.500524 0.400943 0.998952
2 0.865684 0.500000 0.268632 1.000000
0 0.580425 0.269643 0.283019 0.495260
9 0.501996 0.298581 0.017235 0.043541
9 0.470474 0.355830 0.018596 0.038703
9 0.627540 0.412272 0.017235 0.043541
9 0.658835 0.412272 0.019049 0.041929
9 0.691491 0.357039 0.019049 0.042735
9 0.596925 0.187712 0.022224 0.045960
10 0.470519 0.465773 0.018970 0.044663
10 0.627922 0.468052 0.021021 0.045575
11 0.533070 0.354571 0.024098 0.044663
11 0.627666 0.353660 0.025636 0.044663
13 0.627410 0.297603 0.027174 0.045575
14 0.659711 0.466229 0.025123 0.049221
3 0.565371 0.242002 0.023072 0.045575
3 0.628948 0.186401 0.022047 0.043752
3 0.470263 0.187312 0.021534 0.045575
3 0.659198 0.131711 0.021021 0.043752
3 0.690730 0.131255 0.020509 0.044663
6 0.596390 0.129888 0.025636 0.049221
6 0.502307 0.131255 0.024098 0.046486
4 0.470006 0.073831 0.021021 0.044663
4 0.627666 0.075198 0.021534 0.043752
7 0.565884 0.075198 0.028199 0.047398
8 0.690217 0.074743 0.022559 0.042840