1 0.103891 0.497379 0.207782 0.994758
2 0.870991 0.303983 0.258018 0.593291
0 0.580425 0.268737 0.280660 0.497642
9 0.470355 0.410319 0.018671 0.041346
9 0.501769 0.411232 0.018309 0.042480
9 0.564548 0.299239 0.017999 0.042480
9 0.596154 0.299575 0.018142 0.043004
9 0.627493 0.411321 0.018194 0.041929
9 0.659107 0.411063 0.018142 0.041929
9 0.690856 0.410256 0.018747 0.041391
11 0.533503 0.353599 0.026004 0.040316
11 0.627389 0.354674 0.026306 0.044616
10 0.470416 0.467050 0.019996 0.044663
10 0.690614 0.467183 0.020561 0.043004
13 0.564828 0.466108 0.027213 0.046229
14 0.596426 0.466108 0.025097 0.046229
12 0.627873 0.466108 0.025701 0.046229
4 0.470472 0.076226 0.020755 0.046960
4 0.691226 0.074969 0.020755 0.042767
6 0.533679 0.074633 0.025472 0.046122
6 0.565047 0.185325 0.025000 0.046122
7 0.565283 0.074214 0.028302 0.046960
8 0.596415 0.074214 0.024528 0.045283
3 0.470236 0.131656 0.020283 0.042767
3 0.501676 0.131027 0.021102 0.041929
3 0.532864 0.130200 0.018930 0.041377
3 0.627514 0.130751 0.019551 0.041377
3 0.658702 0.131027 0.017378 0.041929
3 0.690200 0.130751 0.019551 0.042480
3 0.627358 0.299018 0.018620 0.042480
5 0.533019 0.186197 0.025447 0.045239