1 0.197641 0.496331 0.395282 0.992662
2 0.866274 0.500000 0.267452 1.000000
0 0.579835 0.269487 0.281840 0.494949
9 0.470519 0.355346 0.019297 0.041929
9 0.565127 0.298170 0.017689 0.043835
9 0.596484 0.300553 0.019297 0.042882
9 0.690823 0.353917 0.018225 0.044787
9 0.502412 0.409663 0.019833 0.043835
9 0.627305 0.409663 0.020905 0.041929
9 0.658126 0.409186 0.018225 0.044787
10 0.471323 0.466362 0.019833 0.042882
10 0.691091 0.465885 0.020905 0.045740
13 0.564590 0.466362 0.027337 0.046693
14 0.596752 0.466362 0.025193 0.046693
12 0.533501 0.298647 0.026265 0.048599
11 0.532697 0.354393 0.025729 0.043835
11 0.628377 0.353917 0.026265 0.044787
3 0.627573 0.298647 0.020369 0.042882
3 0.470251 0.187631 0.017689 0.040023
3 0.501608 0.132838 0.019297 0.042882
3 0.533501 0.132361 0.019833 0.041929
3 0.627305 0.131885 0.018761 0.042882
3 0.658930 0.131408 0.019833 0.041929
3 0.690287 0.131408 0.019297 0.043835
5 0.533233 0.186678 0.026801 0.043835
6 0.565127 0.187250 0.025193 0.045740
6 0.533233 0.076234 0.024657 0.046693
4 0.470787 0.075281 0.019833 0.044787
4 0.627573 0.075281 0.022513 0.042882
7 0.565395 0.074328 0.026801 0.044787
8 0.659466 0.073852 0.025193 0.049552