1 0.207783 0.503669 0.415094 0.992662
2 0.910495 0.527778 0.179009 0.944444
15 0.034788 0.132774 0.069575 0.182856
15 0.111832 0.153156 0.043894 0.137433
15 0.167846 0.115304 0.052411 0.143256
15 0.408936 0.262637 0.052411 0.225949
15 0.807390 0.427848 0.074686 0.202655
15 0.763660 0.174703 0.059945 0.235849
15 0.798546 0.043676 0.066824 0.082110
15 0.876671 0.048917 0.038325 0.064640
15 0.580413 0.268543 0.279650 0.494160
9 0.470927 0.410337 0.021317 0.046767
9 0.502903 0.412756 0.021771 0.046767
11 0.534652 0.353088 0.024492 0.049992
9 0.533457 0.298353 0.023248 0.047919
9 0.564420 0.410243 0.021563 0.045523
9 0.596597 0.410842 0.020553 0.040731
9 0.628605 0.412339 0.019205 0.042528
9 0.658794 0.411141 0.019205 0.044924
9 0.690296 0.412938 0.018194 0.043726
10 0.470957 0.467146 0.025606 0.046721
12 0.533288 0.466547 0.026280 0.047919
13 0.565296 0.466547 0.027628 0.047919
14 0.596294 0.467146 0.026280 0.046721
12 0.628470 0.466846 0.027291 0.047320
11 0.659973 0.467445 0.026280 0.046122
10 0.690802 0.466846 0.024596 0.042528
3 0.596631 0.244325 0.019542 0.044325
3 0.470620 0.129979 0.019542 0.047320
3 0.502291 0.132674 0.020889 0.043127
3 0.534805 0.132075 0.020553 0.043127
3 0.564454 0.131177 0.019205 0.046122
3 0.627796 0.130578 0.021226 0.046122
3 0.659636 0.132075 0.019542 0.044325
3 0.691139 0.131476 0.020553 0.046721
4 0.470788 0.074274 0.025943 0.044924
5 0.502291 0.075472 0.025606 0.044924
6 0.532951 0.075172 0.024259 0.041929
7 0.564791 0.075472 0.027965 0.046122
8 0.596294 0.074873 0.024933 0.043726
6 0.628807 0.076670 0.024596 0.046122
5 0.659131 0.075472 0.025943 0.044924
4 0.690802 0.075472 0.025270 0.046122