1 0.184788 0.500524 0.362028 0.998952
2 0.860967 0.503145 0.278066 0.987421
0 0.579835 0.267258 0.277123 0.494834
9 0.470435 0.409554 0.020216 0.044175
9 0.501179 0.410302 0.017689 0.042677
9 0.595729 0.410677 0.018110 0.041929
9 0.627738 0.410677 0.018952 0.043426
9 0.659324 0.410302 0.018952 0.044175
9 0.690280 0.411051 0.017689 0.045672
9 0.533398 0.298368 0.022321 0.044924
9 0.564564 0.355271 0.019794 0.043426
11 0.533608 0.356020 0.025270 0.044924
11 0.627948 0.356020 0.025270 0.046421
10 0.470224 0.466831 0.019794 0.044924
10 0.690911 0.466457 0.023164 0.044175
12 0.533398 0.466083 0.024848 0.044924
12 0.627527 0.467206 0.025270 0.048667
13 0.564353 0.466831 0.026954 0.046421
14 0.596572 0.465708 0.025691 0.047170
3 0.563300 0.244085 0.019794 0.042677
3 0.595519 0.242588 0.021058 0.045672
3 0.469803 0.131402 0.018952 0.041929
3 0.501179 0.133273 0.021058 0.044175
3 0.532766 0.128407 0.022743 0.043426
3 0.627316 0.132525 0.019794 0.044175
3 0.659324 0.132150 0.019794 0.047919
3 0.690280 0.131402 0.021058 0.044924
5 0.533082 0.186807 0.027586 0.047919
5 0.627948 0.186807 0.028639 0.047919
4 0.469382 0.073750 0.022321 0.044924
4 0.689858 0.074873 0.023585 0.047170
6 0.533698 0.075281 0.025372 0.048282
6 0.628317 0.075013 0.023585 0.044549
7 0.564195 0.075668 0.028007 0.044549
8 0.596551 0.076979 0.025796 0.045860