1 0.178302 0.501572 0.356132 0.996855
2 0.894626 0.526804 0.210748 0.944295
0 0.579970 0.266846 0.282109 0.498053
9 0.470595 0.354501 0.017879 0.041252
9 0.501474 0.298917 0.018016 0.041929
9 0.564858 0.242721 0.017689 0.043676
9 0.596141 0.195551 0.018016 0.041346
9 0.627555 0.410843 0.018344 0.040764
9 0.659493 0.409970 0.018671 0.042511
9 0.690612 0.355229 0.018671 0.042511
11 0.533281 0.354764 0.026205 0.046587
11 0.627184 0.355152 0.025332 0.045811
10 0.470388 0.465409 0.020964 0.044258
10 0.627621 0.466962 0.020964 0.042705
13 0.564509 0.466185 0.027516 0.045811
14 0.658849 0.466185 0.024895 0.044258
3 0.627184 0.297694 0.019217 0.044258
3 0.532844 0.299247 0.018344 0.042705
3 0.469733 0.186660 0.018781 0.045811
3 0.627184 0.186272 0.019217 0.040376
3 0.658412 0.131920 0.018781 0.040376
3 0.690295 0.131144 0.017034 0.041929
3 0.532844 0.130367 0.018344 0.043482
4 0.470825 0.075627 0.020091 0.042705
4 0.627184 0.076403 0.020091 0.044258
6 0.533499 0.073686 0.024895 0.048140
6 0.595956 0.131144 0.024895 0.046587
7 0.564509 0.074462 0.027516 0.046587
8 0.690514 0.075239 0.024458 0.043482