1 0.126415 0.501572 0.252358 0.996855
2 0.865094 0.502621 0.269811 0.994758
0 0.579525 0.268657 0.282282 0.495967
9 0.469995 0.410843 0.020309 0.041929
9 0.502096 0.410843 0.018999 0.041929
9 0.565153 0.354356 0.020637 0.041929
9 0.627064 0.410843 0.019327 0.043093
9 0.645735 0.405602 0.000328 0.000000
9 0.658838 0.410843 0.019327 0.041929
9 0.690448 0.411717 0.018999 0.041346
9 0.694707 0.467331 0.000655 0.000000
9 0.596272 0.299324 0.019327 0.043676
11 0.533871 0.354356 0.024895 0.044258
11 0.627391 0.354647 0.025878 0.044840
10 0.470977 0.466166 0.018999 0.041929
10 0.690448 0.466457 0.019654 0.044840
12 0.533379 0.465875 0.025223 0.047170
12 0.628210 0.465875 0.026205 0.046005
13 0.564498 0.466457 0.026533 0.043676
14 0.596436 0.465875 0.025550 0.044840
3 0.596764 0.241090 0.019654 0.040182
3 0.470977 0.130445 0.018999 0.040182
3 0.501114 0.130445 0.018344 0.041346
3 0.533215 0.131318 0.019654 0.043093
3 0.627555 0.129863 0.018344 0.042511
3 0.659493 0.131027 0.018671 0.042511
3 0.662113 0.192464 0.000328 0.000000
3 0.690121 0.130736 0.020309 0.043093
3 0.688810 0.192756 0.000000 0.000582
5 0.533379 0.186059 0.025223 0.045423
5 0.628046 0.299324 0.025878 0.044840
4 0.470486 0.075705 0.019982 0.044840
4 0.690448 0.075413 0.019654 0.045423
6 0.533379 0.075122 0.024568 0.043676
6 0.627719 0.075705 0.026533 0.046005
7 0.564826 0.074540 0.027188 0.046005
8 0.596272 0.073666 0.025223 0.044258