1 0.218823 0.483229 0.432456 0.960168
2 0.901061 0.497904 0.197877 0.993711
0 0.579748 0.268772 0.280323 0.497228
9 0.469929 0.407999 0.025853 0.049186
9 0.502132 0.410418 0.022224 0.045960
9 0.533427 0.410821 0.020410 0.043541
9 0.564796 0.411288 0.020482 0.043032
9 0.596760 0.412391 0.021102 0.043032
9 0.627017 0.411012 0.021413 0.044687
9 0.657957 0.411012 0.021102 0.043584
9 0.690231 0.410736 0.019861 0.047446
10 0.469418 0.464710 0.022799 0.045423
11 0.501651 0.465059 0.025943 0.041929
12 0.533294 0.467156 0.025550 0.046122
13 0.564440 0.465815 0.029671 0.045310
14 0.596013 0.466491 0.026628 0.046663
12 0.627452 0.465574 0.023895 0.045239
11 0.659260 0.464747 0.026688 0.046894
10 0.689983 0.466402 0.023585 0.046894
3 0.470344 0.131610 0.023148 0.048140
3 0.501791 0.131221 0.019654 0.047364
3 0.532582 0.129668 0.019217 0.045811
3 0.565339 0.131221 0.021838 0.047364
3 0.596130 0.131221 0.022275 0.044258
3 0.627359 0.130833 0.020964 0.045035
3 0.659460 0.132386 0.020528 0.043482
3 0.690907 0.131610 0.023148 0.045035
4 0.470781 0.076093 0.023148 0.047364
5 0.502227 0.075705 0.025769 0.045035
6 0.534111 0.074928 0.025769 0.045035
7 0.564902 0.076093 0.026205 0.044258
8 0.596785 0.076093 0.025332 0.047364
6 0.629106 0.076481 0.025332 0.046587
5 0.659242 0.076869 0.026205 0.045811
4 0.689815 0.075316 0.025332 0.048917
