1 0.285024 0.480084 0.560142 0.958071
2 0.787854 0.497904 0.424292 0.989518
15 0.400590 0.252621 0.135613 0.230608
15 0.320991 0.472746 0.139151 0.289308
15 0.637028 0.219078 0.113208 0.335430
15 0.766156 0.172956 0.069575 0.230608
15 0.853420 0.253669 0.050708 0.203354
15 0.484906 0.192872 0.073113 0.207547
15 0.425354 0.056604 0.083726 0.111111
15 0.212400 0.124093 0.066673 0.179003
15 0.804114 0.062117 0.075559 0.123457
15 0.881420 0.046782 0.048480 0.093563
15 0.893431 0.166550 0.063767 0.127339
15 0.962264 0.050242 0.074008 0.099761