1 0.169929 0.502621 0.339858 0.994758
2 0.882193 0.509434 0.235613 0.970650
0 0.581014 0.269392 0.281840 0.494759
9 0.470365 0.355118 0.018458 0.042840
9 0.501897 0.299517 0.018970 0.041017
9 0.690217 0.355756 0.018458 0.041929
9 0.628948 0.411357 0.021021 0.040106
9 0.658685 0.411357 0.019996 0.043752
9 0.595878 0.188132 0.018458 0.041746
10 0.470775 0.466958 0.018458 0.041929
10 0.627153 0.467414 0.019483 0.046486
11 0.627410 0.355300 0.025123 0.044663
11 0.596647 0.410901 0.027174 0.046486
13 0.626641 0.298788 0.028712 0.044663
14 0.659198 0.466958 0.025123 0.047398
3 0.564346 0.242913 0.019996 0.041929
3 0.470775 0.187312 0.020509 0.043752
3 0.627153 0.186856 0.016407 0.039194
3 0.658685 0.133078 0.021021 0.042840
3 0.690217 0.131711 0.018458 0.041929
6 0.502051 0.131711 0.025636 0.047398
6 0.596134 0.129888 0.025123 0.047398
4 0.533839 0.074743 0.020509 0.042840
4 0.627666 0.075654 0.020509 0.044663
7 0.564602 0.076110 0.027687 0.045575
8 0.690986 0.073375 0.025123 0.043752