1 0.164151 0.501572 0.323113 0.996855
2 0.881604 0.519392 0.236792 0.961216
0 0.580425 0.269916 0.280660 0.498952
9 0.502300 0.410901 0.020637 0.040881
9 0.469870 0.354298 0.021816 0.045073
9 0.628184 0.411426 0.021226 0.044025
9 0.659729 0.409853 0.019458 0.045073
9 0.687736 0.356394 0.024764 0.038784
9 0.564800 0.243187 0.019458 0.042977
9 0.596050 0.243711 0.018278 0.041929
11 0.533844 0.355346 0.024764 0.042977
11 0.627594 0.354822 0.024764 0.046122
10 0.470460 0.466457 0.020637 0.042977
10 0.690684 0.465409 0.020047 0.042977
13 0.563620 0.464885 0.027712 0.048218
14 0.596344 0.464885 0.025943 0.046122
3 0.628479 0.297694 0.020637 0.042977
3 0.502300 0.242138 0.019458 0.040881
3 0.471050 0.186059 0.018278 0.044025
3 0.533255 0.131027 0.017689 0.042977
3 0.627594 0.131027 0.017689 0.040881
3 0.658844 0.130503 0.020047 0.044025
3 0.690094 0.130503 0.020047 0.041929
5 0.470460 0.242138 0.026533 0.045073
4 0.470460 0.075472 0.019458 0.040881
4 0.627594 0.074948 0.021226 0.044025
6 0.596934 0.131551 0.024764 0.044025
6 0.533255 0.074948 0.024764 0.044025
7 0.565094 0.075472 0.028302 0.042977
8 0.690094 0.074948 0.023585 0.044025
12 0.470755 0.409853 0.029481 0.047170