1 0.156486 0.497904 0.305425 0.989518
2 0.913443 0.533543 0.173113 0.884696
15 0.400870 0.264282 0.077388 0.204403
15 0.764481 0.227505 0.067453 0.325367
15 0.807783 0.027952 0.060535 0.051712
15 0.878145 0.051712 0.037736 0.071279
15 0.958255 0.041929 0.072170 0.079665
15 0.339161 0.387111 0.043581 0.056513
15 0.104009 0.128931 0.066038 0.092243
15 0.186064 0.083402 0.033326 0.074743
15 0.031671 0.134022 0.048854 0.140761
0 0.579159 0.266491 0.281353 0.496019
9 0.469950 0.411046 0.019925 0.044097
9 0.500447 0.409135 0.020738 0.047504
9 0.533182 0.331526 0.022772 0.045543
9 0.565306 0.409962 0.024398 0.047712
9 0.596210 0.411408 0.020332 0.043375
9 0.627724 0.410019 0.022365 0.040274
9 0.658351 0.411815 0.019654 0.043004
9 0.690856 0.410740 0.018747 0.044079
10 0.470610 0.466484 0.023585 0.047842
11 0.502510 0.465409 0.027516 0.046767
12 0.534410 0.466215 0.027818 0.048379
13 0.564949 0.465946 0.027213 0.049992
14 0.596442 0.467608 0.027368 0.046010
12 0.627677 0.465863 0.026178 0.049712
11 0.659061 0.466127 0.026475 0.048125
3 0.690445 0.466021 0.023798 0.047068
3 0.470384 0.130477 0.021106 0.045389
3 0.502894 0.131990 0.020765 0.043573
3 0.533190 0.132595 0.020084 0.044783
3 0.565530 0.132898 0.019404 0.046599
3 0.597358 0.131990 0.019744 0.048414
3 0.628336 0.132595 0.019744 0.045994
3 0.659314 0.130174 0.020425 0.045994
3 0.690836 0.130779 0.023148 0.045994
6 0.470078 0.074921 0.023489 0.044178
5 0.501906 0.075829 0.026552 0.048414
6 0.532714 0.077342 0.026893 0.046599
7 0.565223 0.075829 0.027233 0.048414
8 0.595861 0.074014 0.027914 0.047204
6 0.628030 0.076737 0.028254 0.046599
5 0.659518 0.074921 0.025871 0.045389
4 0.691176 0.074921 0.023829 0.047809