15 0.209552 0.136268 0.107311 0.203354
15 0.315094 0.461216 0.143868 0.295597
15 0.425354 0.060273 0.102594 0.120545
15 0.418278 0.281971 0.130896 0.247379
15 0.470165 0.174004 0.123821 0.207547
15 0.618750 0.198113 0.095519 0.377358
15 0.700708 0.335430 0.120283 0.433962
15 0.763208 0.142558 0.073113 0.207547
15 0.833373 0.252621 0.086085 0.222222
15 0.796816 0.055556 0.064858 0.109015
15 0.882311 0.067086 0.047170 0.106918
15 0.879363 0.145702 0.069575 0.142558
15 0.962382 0.044549 0.075236 0.089098
2 0.905778 0.531971 0.188443 0.936058
1 0.120519 0.500524 0.240566 0.998952
15 0.209375 0.136111 0.107292 0.203704
15 0.315104 0.460648 0.143750 0.295370
15 0.425260 0.060185 0.102604 0.120370
15 0.417969 0.281944 0.130729 0.247222
15 0.470313 0.174074 0.123958 0.207407
15 0.618490 0.198148 0.095312 0.377778
15 0.700781 0.335648 0.120313 0.434259
15 0.763021 0.142593 0.072917 0.207407
15 0.833073 0.252778 0.085938 0.222222
15 0.797135 0.055556 0.065104 0.109259
15 0.882552 0.067130 0.047396 0.106481
15 0.879687 0.145370 0.069792 0.142593
15 0.962500 0.044444 0.075000 0.088889
2 0.905729 0.531944 0.188542 0.936111
1 0.120313 0.500463 0.240625 0.999074
0 0.585731 0.785115 0.475236 0.251572
