1 0.285024 0.480084 0.560142 0.958071
2 0.787854 0.497904 0.424292 0.989518
15 0.400590 0.252621 0.135613 0.230608
15 0.320991 0.472746 0.139151 0.289308
15 0.637028 0.219078 0.113208 0.335430
15 0.766156 0.172956 0.069575 0.230608
15 0.853420 0.253669 0.050708 0.203354
15 0.484906 0.192872 0.073113 0.207547
15 0.425354 0.056604 0.083726 0.111111
15 0.212400 0.124093 0.066673 0.179003
15 0.804114 0.062117 0.075559 0.123457
15 0.881420 0.046782 0.048480 0.093563
15 0.893431 0.166550 0.063767 0.127339
15 0.962264 0.050242 0.074008 0.099761
1 0.285156 0.480093 0.559896 0.958333
2 0.787760 0.497685 0.424479 0.989815
15 0.400521 0.252315 0.135417 0.230556
15 0.321094 0.472222 0.139063 0.288889
15 0.636719 0.218519 0.113021 0.335185
15 0.766146 0.172685 0.069792 0.230556
15 0.853385 0.253704 0.050521 0.203704
15 0.484896 0.192593 0.072917 0.207407
15 0.425260 0.056481 0.083854 0.111111
15 0.212500 0.123611 0.066667 0.178704
15 0.803906 0.061574 0.075521 0.123148
15 0.881510 0.046759 0.048438 0.093519
15 0.893229 0.166667 0.063542 0.127778
15 0.961979 0.050000 0.073958 0.100000
0 0.588090 0.788260 0.472877 0.253669
