0 0.581014 0.270440 0.279481 0.492662
1 0.184198 0.496855 0.360849 0.987421
2 0.866274 0.508386 0.267452 0.964361
15 0.036164 0.111810 0.066824 0.182856
15 0.116745 0.153156 0.055031 0.118798
15 0.043698 0.282437 0.064858 0.123457
15 0.339269 0.396226 0.043632 0.111111
15 0.392925 0.258910 0.084906 0.201258
15 0.417185 0.041214 0.036985 0.082428
15 0.844768 0.252906 0.070755 0.189632
15 0.764365 0.131408 0.050386 0.125786
15 0.803334 0.045979 0.051994 0.091957
15 0.877037 0.050982 0.047170 0.070516
15 0.880253 0.129598 0.039666 0.061940
15 0.954653 0.034782 0.036449 0.068611
9 0.469736 0.410822 0.022949 0.042469
9 0.501969 0.410123 0.024521 0.043866
9 0.532311 0.411950 0.021226 0.043326
9 0.564544 0.411251 0.022013 0.044724
9 0.596580 0.411600 0.023192 0.045423
9 0.627830 0.411600 0.019654 0.042628
9 0.659473 0.411600 0.023192 0.044025
9 0.691470 0.411950 0.024764 0.044724
10 0.470700 0.465946 0.024492 0.048917
11 0.501844 0.466484 0.027516 0.048917
12 0.533593 0.466753 0.026306 0.046229
13 0.565040 0.466484 0.028120 0.048917
14 0.596184 0.467290 0.028725 0.047304
12 0.627993 0.466000 0.026911 0.047304
11 0.659500 0.466806 0.026306 0.049992
10 0.690008 0.465749 0.028662 0.047807
3 0.470360 0.128959 0.024860 0.039776
3 0.501912 0.132302 0.022310 0.043062
3 0.534421 0.133152 0.022947 0.044762
3 0.564699 0.131736 0.021673 0.045328
3 0.595901 0.131736 0.022629 0.045328
3 0.629175 0.131736 0.023904 0.048728
3 0.659453 0.131452 0.023904 0.044762
3 0.690687 0.131736 0.022629 0.046462
4 0.690660 0.075807 0.022642 0.049476
5 0.659292 0.073375 0.024057 0.041929
6 0.627925 0.075472 0.024528 0.042767
8 0.595849 0.075891 0.027358 0.045283
7 0.565425 0.075052 0.028774 0.046960
6 0.533349 0.075052 0.028774 0.048637
5 0.501745 0.075891 0.026887 0.041929
4 0.469906 0.072117 0.026415 0.051153
0 0.580990 0.270370 0.279687 0.492593
1 0.184115 0.496296 0.360938 0.987037
2 0.866146 0.508333 0.267708 0.964815
15 0.035937 0.111574 0.066667 0.182407
15 0.116667 0.152778 0.055208 0.118519
15 0.044010 0.281944 0.065104 0.123148
15 0.339583 0.396296 0.043750 0.111111
15 0.392969 0.258796 0.084896 0.200926
15 0.416927 0.041204 0.036979 0.082407
15 0.844792 0.253241 0.070833 0.189815
15 0.764323 0.131481 0.050521 0.125926
15 0.803125 0.045833 0.052083 0.091667
15 0.877344 0.050926 0.047396 0.070370
15 0.880208 0.130093 0.039583 0.062037
15 0.954688 0.035185 0.036458 0.068519
9 0.469792 0.411111 0.022917 0.042593
9 0.501823 0.409722 0.024479 0.043519
9 0.532552 0.412500 0.021354 0.043519
9 0.564583 0.411111 0.021875 0.044444
9 0.596615 0.411574 0.023438 0.045370
9 0.628125 0.412037 0.019792 0.042593
9 0.659635 0.412037 0.023438 0.044444
9 0.691667 0.412037 0.025000 0.044444
10 0.470573 0.466204 0.024479 0.049074
11 0.501823 0.466204 0.027604 0.049074
12 0.533594 0.466667 0.026562 0.046296
13 0.565104 0.466204 0.028125 0.049074
14 0.596094 0.467130 0.028646 0.047222
12 0.628125 0.466204 0.027083 0.047222
11 0.659635 0.466667 0.026562 0.050000
10 0.689844 0.465741 0.028646 0.048148
3 0.470313 0.129167 0.025000 0.039815
3 0.501823 0.132870 0.022396 0.043519
3 0.534375 0.133333 0.022917 0.044444
3 0.564583 0.131944 0.021875 0.045370
3 0.595573 0.131944 0.022396 0.045370
3 0.629167 0.131944 0.023958 0.049074
3 0.659375 0.131481 0.023958 0.044444
3 0.690365 0.131481 0.022396 0.046296
4 0.690365 0.075463 0.022396 0.049074
5 0.659375 0.073611 0.023958 0.041667
6 0.627865 0.075000 0.024479 0.042593
8 0.596094 0.076389 0.027604 0.045370
7 0.565365 0.075463 0.028646 0.047222
6 0.533073 0.075463 0.028646 0.049074
5 0.502083 0.075463 0.027083 0.041667
4 0.470052 0.071759 0.026562 0.050926
