1 0.176533 0.500000 0.350236 0.989518
2 0.872759 0.519916 0.254481 0.907757
15 0.820401 0.392034 0.102594 0.161426
15 0.851371 0.226648 0.042365 0.119575
15 0.764457 0.153273 0.065950 0.156068
15 0.878407 0.126174 0.035814 0.062117
15 0.810731 0.055359 0.063384 0.110718
15 0.886645 0.053721 0.053066 0.090409
15 0.949292 0.022602 0.051592 0.045204
15 0.345593 0.396226 0.061173 0.148061
15 0.416347 0.221305 0.046433 0.131027
15 0.103881 0.163522 0.061106 0.131504
15 0.034316 0.275681 0.068632 0.079665
15 0.026061 0.132075 0.052122 0.132075
0 0.580425 0.267296 0.283019 0.490566
9 0.470581 0.411895 0.022344 0.041929
9 0.502140 0.410669 0.019654 0.045035
9 0.534242 0.298470 0.024458 0.047364
9 0.564815 0.409504 0.019217 0.045811
9 0.596043 0.412221 0.018781 0.048140
9 0.627271 0.411445 0.020964 0.043482
9 0.659373 0.412221 0.020528 0.043482
9 0.690819 0.411833 0.019654 0.044258
11 0.532932 0.355540 0.024458 0.045035
11 0.628145 0.354764 0.027079 0.046587
10 0.470257 0.465409 0.021401 0.045811
10 0.690164 0.466962 0.024458 0.044258
12 0.533805 0.467350 0.026205 0.046587
12 0.628145 0.469679 0.026205 0.043482
13 0.564815 0.465797 0.027952 0.045035
14 0.596698 0.467350 0.026205 0.045035
3 0.596261 0.244507 0.020964 0.043482
3 0.470475 0.131532 0.020091 0.044258
3 0.502140 0.130367 0.018781 0.045035
3 0.533368 0.131920 0.020964 0.043482
3 0.565470 0.132697 0.018781 0.043482
3 0.628145 0.131144 0.019217 0.046587
3 0.658718 0.132308 0.020091 0.044258
3 0.691038 0.129979 0.019217 0.042705
5 0.533587 0.186272 0.025769 0.048140
5 0.628145 0.185884 0.025332 0.047364
4 0.469820 0.074462 0.022275 0.043482
4 0.691038 0.074851 0.020964 0.047364
6 0.533368 0.076403 0.022711 0.044258
6 0.627926 0.075239 0.024895 0.046587
7 0.564378 0.074462 0.027952 0.045035
8 0.595388 0.075627 0.026205 0.047364
1 0.176563 0.500463 0.350000 0.989815
2 0.872656 0.519444 0.254688 0.907407
15 0.820573 0.391667 0.102604 0.161111
15 0.851302 0.226389 0.042188 0.119444
15 0.764323 0.153241 0.066146 0.156481
15 0.878385 0.126389 0.035937 0.062037
15 0.810937 0.055556 0.063542 0.111111
15 0.886458 0.053704 0.053125 0.090741
15 0.949219 0.022685 0.051562 0.045370
15 0.345573 0.396296 0.060937 0.148148
15 0.416406 0.221296 0.046354 0.131481
15 0.103906 0.163889 0.060937 0.131481
15 0.034375 0.275926 0.068750 0.079630
15 0.026042 0.131944 0.052083 0.132407
0 0.580469 0.267593 0.282813 0.490741
9 0.470573 0.411574 0.022396 0.041667
9 0.502083 0.410648 0.019792 0.045370
9 0.534115 0.298611 0.024479 0.047222
9 0.564844 0.409722 0.019271 0.045370
9 0.595833 0.412037 0.018750 0.048148
9 0.627083 0.411574 0.020833 0.043519
9 0.659115 0.412500 0.020313 0.043519
9 0.691146 0.412037 0.019792 0.044444
11 0.533073 0.356019 0.024479 0.045370
11 0.628125 0.354630 0.027083 0.046296
10 0.470052 0.465278 0.021354 0.045370
10 0.690365 0.466667 0.024479 0.044444
12 0.533854 0.467593 0.026042 0.046296
12 0.628125 0.469907 0.026042 0.043519
13 0.565104 0.466204 0.028125 0.045370
14 0.596875 0.467130 0.026042 0.045370
3 0.596354 0.244907 0.020833 0.043519
3 0.470573 0.131481 0.020313 0.044444
3 0.502083 0.130093 0.018750 0.045370
3 0.533333 0.131944 0.020833 0.043519
3 0.565625 0.132870 0.018750 0.043519
3 0.628385 0.130556 0.019271 0.046296
3 0.658594 0.132407 0.020313 0.044444
3 0.690885 0.129630 0.019271 0.042593
5 0.533594 0.186111 0.025521 0.048148
5 0.628385 0.185648 0.025521 0.047222
4 0.470052 0.074537 0.022396 0.043519
4 0.691146 0.074537 0.020833 0.047222
6 0.533333 0.076852 0.022917 0.044444
6 0.628125 0.075000 0.025000 0.046296
7 0.564583 0.074537 0.028125 0.045370
8 0.595313 0.075463 0.026042 0.047222
