1 0.156486 0.497904 0.305425 0.989518
2 0.913443 0.533543 0.173113 0.884696
0 0.579159 0.266491 0.281353 0.496019
9 0.469950 0.411046 0.019925 0.044097
9 0.500447 0.409135 0.020738 0.047504
9 0.533182 0.331526 0.022772 0.045543
9 0.565306 0.409962 0.024398 0.047712
9 0.596210 0.411408 0.020332 0.043375
9 0.627724 0.410019 0.022365 0.040274
9 0.658351 0.411815 0.019654 0.043004
9 0.690856 0.410740 0.018747 0.044079
10 0.470610 0.466484 0.023585 0.047842
11 0.502510 0.465409 0.027516 0.046767
12 0.534410 0.466215 0.027818 0.048379
13 0.564949 0.465946 0.027213 0.049992
14 0.596442 0.467608 0.027368 0.046010
12 0.627677 0.465863 0.026178 0.049712
11 0.659061 0.466127 0.026475 0.048125
3 0.690445 0.466021 0.023798 0.047068
3 0.470384 0.130477 0.021106 0.045389
3 0.502894 0.131990 0.020765 0.043573
3 0.533190 0.132595 0.020084 0.044783
3 0.565530 0.132898 0.019404 0.046599
3 0.597358 0.131990 0.019744 0.048414
3 0.628336 0.132595 0.019744 0.045994
3 0.659314 0.130174 0.020425 0.045994
3 0.690836 0.130779 0.023148 0.045994
6 0.470078 0.074921 0.023489 0.044178
5 0.501906 0.075829 0.026552 0.048414
6 0.532714 0.077342 0.026893 0.046599
7 0.565223 0.075829 0.027233 0.048414
8 0.595861 0.074014 0.027914 0.047204
6 0.628030 0.076737 0.028254 0.046599
5 0.659518 0.074921 0.025871 0.045389
4 0.691176 0.074921 0.023829 0.047809
1 0.156250 0.497685 0.305208 0.989815
2 0.913542 0.532870 0.172917 0.884259
0 0.579167 0.266667 0.281250 0.496296
9 0.469792 0.411111 0.019792 0.044444
9 0.500521 0.408796 0.020833 0.047222
9 0.533333 0.331019 0.022917 0.045370
9 0.565365 0.410185 0.024479 0.048148
9 0.596094 0.411574 0.020313 0.043519
9 0.627865 0.409722 0.022396 0.039815
9 0.658333 0.412037 0.019792 0.042593
9 0.690625 0.411111 0.018750 0.044444
10 0.470573 0.466667 0.023438 0.048148
11 0.502344 0.465278 0.027604 0.047222
12 0.534115 0.465741 0.027604 0.048148
13 0.565104 0.465741 0.027083 0.050000
14 0.596615 0.467593 0.027604 0.046296
12 0.627604 0.465741 0.026042 0.050000
11 0.659115 0.465741 0.026562 0.048148
3 0.690625 0.466204 0.023958 0.047222
3 0.470573 0.130093 0.021354 0.045370
3 0.503125 0.131944 0.020833 0.043519
3 0.533073 0.132407 0.020313 0.044444
3 0.565365 0.132407 0.019271 0.046296
3 0.597396 0.131481 0.019792 0.048148
3 0.628125 0.132407 0.019792 0.046296
3 0.659115 0.130556 0.020313 0.046296
3 0.690625 0.130556 0.022917 0.046296
6 0.470052 0.075000 0.023438 0.044444
5 0.501823 0.075926 0.026562 0.048148
6 0.532813 0.076852 0.027083 0.046296
7 0.565104 0.075926 0.027083 0.048148
8 0.595833 0.073611 0.028125 0.047222
6 0.628125 0.076852 0.028125 0.046296
5 0.659375 0.074537 0.026042 0.045370
4 0.691146 0.075000 0.023958 0.048148
