1 0.179953 0.496331 0.359906 0.992662
2 0.891627 0.546646 0.216745 0.906708
0 0.579734 0.266946 0.280222 0.498952
9 0.470314 0.410446 0.019996 0.043752
9 0.502358 0.411813 0.020509 0.044663
9 0.533121 0.301522 0.018458 0.044663
9 0.565166 0.356668 0.018970 0.045575
9 0.595929 0.410446 0.021021 0.041929
9 0.627461 0.411357 0.019483 0.041929
9 0.661044 0.411357 0.021021 0.047398
9 0.691550 0.412269 0.020509 0.043752
11 0.534147 0.356212 0.024610 0.048309
11 0.628486 0.356212 0.024610 0.046486
10 0.470570 0.467870 0.020509 0.043752
10 0.691294 0.467870 0.019996 0.043752
12 0.534147 0.465591 0.023585 0.046486
12 0.628230 0.466047 0.026148 0.047398
13 0.564653 0.467414 0.027174 0.046486
14 0.596185 0.468326 0.026661 0.044663
3 0.596185 0.244736 0.021534 0.043752
3 0.471083 0.131255 0.020509 0.041017
3 0.502102 0.131711 0.018970 0.043752
3 0.533890 0.132167 0.024098 0.042840
3 0.566192 0.131711 0.023072 0.043752
3 0.627376 0.132193 0.023755 0.042892
3 0.659131 0.130279 0.023248 0.041929
3 0.690633 0.132375 0.021563 0.042528
4 0.470451 0.075472 0.022574 0.046122
4 0.691139 0.075172 0.023248 0.045523
5 0.534131 0.187781 0.026617 0.044325
5 0.627628 0.187781 0.026280 0.046721
6 0.533794 0.074573 0.025270 0.045523
6 0.627965 0.074873 0.026280 0.047320
7 0.565128 0.075172 0.027965 0.047919
8 0.596462 0.076370 0.025943 0.046721
1 0.179948 0.496296 0.359896 0.992593
2 0.891667 0.546759 0.216667 0.906481
0 0.579688 0.267130 0.280208 0.499074
9 0.470313 0.410648 0.019792 0.043519
9 0.502344 0.412037 0.020313 0.044444
9 0.533073 0.301852 0.018229 0.044444
9 0.565104 0.356944 0.018750 0.045370
9 0.595833 0.410648 0.020833 0.041667
9 0.627344 0.411574 0.019271 0.041667
9 0.660937 0.411574 0.020833 0.047222
9 0.691406 0.412500 0.020313 0.043519
11 0.534115 0.356481 0.024479 0.048148
11 0.628385 0.356481 0.024479 0.046296
10 0.470573 0.468056 0.020313 0.043519
10 0.691146 0.468056 0.019792 0.043519
12 0.534115 0.465741 0.023438 0.046296
12 0.628125 0.466204 0.026042 0.047222
13 0.564583 0.467593 0.027083 0.046296
14 0.596094 0.468519 0.026562 0.044444
3 0.596094 0.244907 0.021354 0.043519
3 0.471094 0.131481 0.020313 0.040741
3 0.502083 0.131944 0.018750 0.043519
3 0.533854 0.132407 0.023958 0.042593
3 0.566146 0.131944 0.022917 0.043519
3 0.627604 0.132407 0.023958 0.042593
3 0.659115 0.130093 0.023438 0.041667
3 0.690365 0.132407 0.021354 0.042593
4 0.470573 0.075926 0.022396 0.046296
4 0.691406 0.075463 0.023438 0.045370
5 0.534115 0.187963 0.026562 0.044444
5 0.627604 0.187963 0.026042 0.046296
6 0.534115 0.074537 0.025521 0.045370
6 0.627604 0.074537 0.026042 0.047222
7 0.565104 0.075000 0.028125 0.048148
8 0.596354 0.075926 0.026042 0.046296
