1 0.180071 0.500524 0.347877 0.998952
2 0.869222 0.496855 0.261556 0.991614
15 0.397406 0.258243 0.069683 0.228702
15 0.336835 0.381170 0.053602 0.074328
15 0.805317 0.375453 0.032161 0.070516
15 0.837479 0.213455 0.045026 0.104822
15 0.882504 0.143892 0.051458 0.072422
15 0.754395 0.114351 0.043954 0.093387
15 0.802637 0.037641 0.058962 0.075281
15 0.881968 0.046693 0.071827 0.068611
15 0.105274 0.112445 0.055746 0.116257
15 0.169597 0.084810 0.030017 0.106728
15 0.017260 0.293501 0.034520 0.116257
15 0.024228 0.096245 0.048456 0.076234
15 0.030232 0.016676 0.042882 0.033352
0 0.579852 0.268044 0.279650 0.492662
9 0.470423 0.410788 0.019760 0.043629
9 0.502613 0.412205 0.020398 0.041929
9 0.564125 0.411071 0.019123 0.040796
9 0.595678 0.411921 0.020398 0.041362
9 0.628187 0.411355 0.019123 0.040229
9 0.659581 0.410788 0.020079 0.042495
9 0.691152 0.411104 0.020922 0.044634
9 0.532816 0.300224 0.021552 0.046266
11 0.533425 0.354442 0.026025 0.043375
11 0.628375 0.355165 0.025618 0.046266
10 0.471007 0.466855 0.020738 0.045543
10 0.691607 0.467216 0.020332 0.043375
12 0.533832 0.467939 0.026025 0.046266
12 0.627968 0.467072 0.023992 0.047712
13 0.564940 0.466710 0.025618 0.044097
14 0.596454 0.465264 0.026025 0.048435
3 0.596129 0.242175 0.021958 0.044097
3 0.470682 0.131569 0.019112 0.044097
3 0.501586 0.131569 0.019925 0.042652
3 0.533710 0.132654 0.021552 0.043375
3 0.565428 0.132292 0.021552 0.045543
3 0.627643 0.131931 0.017485 0.043375
3 0.658751 0.131208 0.017892 0.040483
3 0.690062 0.131569 0.016265 0.044097
5 0.626830 0.183980 0.023178 0.047712
5 0.502806 0.074460 0.025618 0.042652
6 0.534523 0.073737 0.023992 0.044097
6 0.627643 0.075544 0.025618 0.046266
4 0.470478 0.074821 0.019519 0.041929
4 0.689858 0.074821 0.023178 0.044820
7 0.565224 0.075544 0.027651 0.046266
8 0.595926 0.076990 0.025618 0.046266
1 0.180208 0.500463 0.347917 0.999074
2 0.869271 0.496759 0.261458 0.991667
15 0.397396 0.257870 0.069792 0.228704
15 0.336719 0.381481 0.053646 0.074074
15 0.805208 0.375000 0.032292 0.070370
15 0.837500 0.213426 0.044792 0.104630
15 0.882552 0.143519 0.051562 0.072222
15 0.754167 0.114352 0.043750 0.093519
15 0.802344 0.037500 0.058854 0.075000
15 0.881771 0.046296 0.071875 0.068519
15 0.105469 0.112963 0.055729 0.116667
15 0.169792 0.084722 0.030208 0.106481
15 0.017188 0.293519 0.034375 0.116667
15 0.024219 0.096296 0.048438 0.075926
15 0.030208 0.016667 0.042708 0.033333
0 0.579948 0.267593 0.279687 0.492593
9 0.470313 0.410648 0.019792 0.043519
9 0.502344 0.412500 0.020313 0.041667
9 0.564323 0.411111 0.019271 0.040741
9 0.595573 0.412500 0.020313 0.041667
9 0.628385 0.411574 0.019271 0.039815
9 0.659635 0.411111 0.020313 0.042593
9 0.691146 0.411111 0.020833 0.044444
9 0.532552 0.300000 0.021354 0.046296
11 0.533333 0.354167 0.026042 0.043519
11 0.628385 0.355556 0.025521 0.046296
10 0.470833 0.467130 0.020833 0.045370
10 0.691406 0.467130 0.020313 0.043519
12 0.533854 0.467593 0.026042 0.046296
12 0.628125 0.467593 0.023958 0.048148
13 0.564844 0.466667 0.025521 0.044444
14 0.596354 0.464815 0.026042 0.048148
3 0.595833 0.242593 0.021875 0.044444
3 0.470573 0.131481 0.019271 0.044444
3 0.501563 0.131481 0.019792 0.042593
3 0.533594 0.132870 0.021354 0.043519
3 0.565365 0.131944 0.021354 0.045370
3 0.627604 0.131944 0.017708 0.043519
3 0.658854 0.131481 0.017708 0.040741
3 0.689844 0.131481 0.016146 0.044444
5 0.626823 0.184259 0.023438 0.048148
5 0.502865 0.074074 0.025521 0.042593
6 0.534375 0.074074 0.023958 0.044444
6 0.627344 0.075926 0.025521 0.046296
4 0.470573 0.074537 0.019271 0.041667
4 0.689844 0.075000 0.023438 0.044444
7 0.565365 0.075926 0.027604 0.046296
8 0.596094 0.076852 0.025521 0.046296
