1 0.218823 0.483229 0.432456 0.960168
2 0.901061 0.497904 0.197877 0.993711
15 0.767967 0.179245 0.070669 0.272537
15 0.806513 0.047573 0.068033 0.087083
15 0.879082 0.053217 0.053520 0.075794
15 0.829191 0.279794 0.040820 0.209644
0 0.579748 0.268772 0.280323 0.497228
15 0.400590 0.288260 0.076651 0.247379
15 0.335063 0.374004 0.042453 0.071279
15 0.093868 0.147449 0.039308 0.086653
15 0.033962 0.139762 0.067924 0.146751
15 0.047877 0.032145 0.084119 0.060098
9 0.469929 0.407999 0.025853 0.049186
9 0.502132 0.410418 0.022224 0.045960
9 0.533427 0.410821 0.020410 0.043541
9 0.564796 0.411288 0.020482 0.043032
9 0.596760 0.412391 0.021102 0.043032
9 0.627017 0.411012 0.021413 0.044687
9 0.657957 0.411012 0.021102 0.043584
9 0.690231 0.410736 0.019861 0.047446
10 0.469418 0.464710 0.022799 0.045423
11 0.501651 0.465059 0.025943 0.041929
12 0.533294 0.467156 0.025550 0.046122
13 0.564440 0.465815 0.029671 0.045310
14 0.596013 0.466491 0.026628 0.046663
12 0.627452 0.465574 0.023895 0.045239
11 0.659260 0.464747 0.026688 0.046894
10 0.689983 0.466402 0.023585 0.046894
3 0.470344 0.131610 0.023148 0.048140
3 0.501791 0.131221 0.019654 0.047364
3 0.532582 0.129668 0.019217 0.045811
3 0.565339 0.131221 0.021838 0.047364
3 0.596130 0.131221 0.022275 0.044258
3 0.627359 0.130833 0.020964 0.045035
3 0.659460 0.132386 0.020528 0.043482
3 0.690907 0.131610 0.023148 0.045035
4 0.470781 0.076093 0.023148 0.047364
5 0.502227 0.075705 0.025769 0.045035
6 0.534111 0.074928 0.025769 0.045035
7 0.564902 0.076093 0.026205 0.044258
8 0.596785 0.076093 0.025332 0.047364
6 0.629106 0.076481 0.025332 0.046587
5 0.659242 0.076869 0.026205 0.045811
4 0.689815 0.075316 0.025332 0.048917
1 0.218750 0.482870 0.432292 0.960185
2 0.901042 0.497685 0.197917 0.993519
15 0.768229 0.178704 0.070833 0.272222
15 0.806510 0.047222 0.068229 0.087037
15 0.878906 0.053704 0.053646 0.075926
15 0.829167 0.279630 0.040625 0.209259
0 0.579688 0.268981 0.280208 0.497222
15 0.400781 0.288426 0.076563 0.247222
15 0.335417 0.373611 0.042708 0.071296
15 0.093490 0.147222 0.039062 0.087037
15 0.033854 0.139815 0.067708 0.146296
15 0.047917 0.031944 0.084375 0.060185
9 0.469792 0.407870 0.026042 0.049074
9 0.502344 0.410185 0.022396 0.046296
9 0.533594 0.410648 0.020313 0.043519
9 0.564844 0.411111 0.020313 0.042593
9 0.597135 0.412037 0.021354 0.042593
9 0.626823 0.411111 0.021354 0.044444
9 0.658073 0.410648 0.021354 0.043519
9 0.690104 0.410648 0.019792 0.047222
10 0.469271 0.464352 0.022917 0.045370
11 0.501563 0.465278 0.026042 0.041667
12 0.533073 0.467593 0.025521 0.046296
13 0.564323 0.466204 0.029687 0.045370
14 0.596094 0.466667 0.026562 0.046296
12 0.627604 0.465278 0.023958 0.045370
11 0.659115 0.465278 0.026562 0.047222
10 0.689844 0.466204 0.023438 0.047222
3 0.470313 0.131481 0.022917 0.048148
3 0.502083 0.131019 0.019792 0.047222
3 0.532552 0.129167 0.019271 0.045370
3 0.565104 0.131019 0.021875 0.047222
3 0.596094 0.131481 0.022396 0.044444
3 0.627083 0.131019 0.020833 0.045370
3 0.659115 0.131944 0.020313 0.043519
3 0.690625 0.131944 0.022917 0.045370
4 0.470833 0.076389 0.022917 0.047222
5 0.502344 0.075463 0.025521 0.045370
6 0.534115 0.075463 0.025521 0.045370
7 0.564583 0.075926 0.026042 0.044444
8 0.597135 0.076389 0.025521 0.047222
6 0.629427 0.075926 0.025521 0.046296
5 0.659375 0.076389 0.026042 0.045370
4 0.689844 0.075463 0.025521 0.049074
