2 0.862736 0.508910 0.274528 0.982180
1 0.191156 0.486897 0.382311 0.973794
15 0.112854 0.166667 0.074292 0.176101
15 0.026061 0.158281 0.052122 0.192872
15 0.411981 0.262977 0.051887 0.240671
15 0.803184 0.398637 0.103774 0.165618
15 0.762795 0.152516 0.056014 0.180294
15 0.804953 0.050314 0.058962 0.095388
15 0.875118 0.054507 0.033019 0.093291
15 0.839446 0.231132 0.031250 0.142558
0 0.579953 0.268260 0.279088 0.500237
9 0.470582 0.409174 0.021715 0.043742
9 0.501754 0.410686 0.019352 0.043541
9 0.533351 0.298715 0.019654 0.043004
9 0.565342 0.410149 0.019654 0.042466
9 0.596910 0.410955 0.019049 0.044079
9 0.627903 0.409343 0.018142 0.041929
9 0.659954 0.410418 0.019352 0.044079
9 0.691249 0.411493 0.019049 0.044079
11 0.534198 0.355316 0.025943 0.046122
10 0.471024 0.466427 0.019542 0.045523
12 0.532682 0.467026 0.024259 0.047919
13 0.564858 0.465828 0.027291 0.045523
14 0.595579 0.467451 0.026911 0.045692
12 0.627479 0.466645 0.024794 0.046229
11 0.658926 0.466108 0.025399 0.046229
10 0.690221 0.466645 0.023283 0.043004
4 0.596154 0.243294 0.023585 0.043541
4 0.470458 0.130570 0.019049 0.039779
4 0.502056 0.130570 0.018747 0.043004
4 0.533654 0.131108 0.020259 0.045154
4 0.564647 0.131377 0.021771 0.040316
4 0.627238 0.131645 0.022375 0.045154
4 0.659682 0.131914 0.020864 0.043541
4 0.690584 0.132022 0.019654 0.043541
5 0.628054 0.186207 0.024492 0.046767
5 0.501875 0.076762 0.025399 0.046767
6 0.533321 0.075149 0.025399 0.044616
6 0.628235 0.074612 0.025097 0.045692
4 0.470398 0.073805 0.021468 0.041929
4 0.690070 0.075955 0.021166 0.040854
7 0.564858 0.073375 0.027516 0.045154
8 0.595700 0.074719 0.026306 0.045692
2 0.862760 0.508796 0.274479 0.982407
1 0.191146 0.487037 0.382292 0.974074
15 0.112760 0.166667 0.074479 0.175926
15 0.026042 0.158333 0.052083 0.192593
15 0.411979 0.262963 0.052083 0.240741
15 0.802865 0.398611 0.103646 0.165741
15 0.763021 0.152315 0.056250 0.180556
15 0.804948 0.050463 0.058854 0.095370
15 0.875260 0.054167 0.032813 0.093519
15 0.839583 0.231481 0.031250 0.142593
0 0.580208 0.268519 0.279167 0.500000
9 0.470833 0.408796 0.021875 0.043519
9 0.501823 0.410648 0.019271 0.043519
9 0.533333 0.298148 0.019792 0.042593
9 0.565625 0.410185 0.019792 0.042593
9 0.597135 0.411111 0.019271 0.044444
9 0.627865 0.408796 0.018229 0.041667
9 0.660156 0.410185 0.019271 0.044444
9 0.691406 0.412037 0.019271 0.044444
11 0.534375 0.355556 0.026042 0.046296
10 0.471354 0.466204 0.019792 0.045370
12 0.532552 0.467593 0.024479 0.048148
13 0.564583 0.466204 0.027083 0.045370
14 0.595833 0.467130 0.027083 0.045370
12 0.627604 0.466667 0.025000 0.046296
11 0.659115 0.465741 0.025521 0.046296
10 0.690365 0.466667 0.023438 0.042593
4 0.596094 0.243056 0.023438 0.043519
4 0.470573 0.131019 0.019271 0.039815
4 0.502083 0.130556 0.018750 0.042593
4 0.533594 0.131019 0.020313 0.045370
4 0.564583 0.131481 0.021875 0.040741
4 0.627344 0.131944 0.022396 0.045370
4 0.659896 0.131944 0.020833 0.043519
4 0.690625 0.131944 0.019792 0.043519
5 0.627865 0.186574 0.024479 0.047222
5 0.501823 0.077315 0.025521 0.047222
6 0.533594 0.075000 0.025521 0.044444
6 0.628125 0.074537 0.025000 0.045370
4 0.470573 0.073611 0.021354 0.041667
4 0.690365 0.075926 0.021354 0.040741
7 0.564844 0.073611 0.027604 0.045370
8 0.595573 0.074537 0.026562 0.045370
