1 0.138797 0.500524 0.274764 0.998952
2 0.898703 0.525157 0.202594 0.914046
15 0.408255 0.257862 0.127358 0.253669
15 0.312146 0.473795 0.175708 0.308176
15 0.203656 0.137317 0.109670 0.222222
15 0.463090 0.068134 0.135613 0.117400
15 0.624057 0.268344 0.096698 0.505241
15 0.769104 0.207547 0.084906 0.270440
15 0.851061 0.266247 0.088443 0.266247
15 0.878184 0.033019 0.227594 0.066038
1 0.139063 0.500463 0.275000 0.999074
2 0.898698 0.525463 0.202604 0.913889
15 0.408594 0.258333 0.127604 0.253704
15 0.312240 0.473611 0.175521 0.308333
15 0.203906 0.137037 0.109896 0.222222
15 0.463021 0.068056 0.135417 0.117593
15 0.623958 0.268519 0.096875 0.505556
15 0.769010 0.207407 0.084896 0.270370
15 0.851042 0.266667 0.088542 0.266667
15 0.878385 0.032870 0.227604 0.065741
0 0.586910 0.785115 0.470519 0.243187
