1 0.135259 0.500000 0.270047 0.997904
2 0.899292 0.518868 0.201415 0.939203
15 0.200708 0.140461 0.091981 0.190776
15 0.326297 0.460168 0.168632 0.289308
15 0.438915 0.060797 0.087264 0.106918
15 0.429481 0.271488 0.115566 0.222222
15 0.742571 0.370021 0.107311 0.398323
15 0.624057 0.213836 0.110849 0.412998
15 0.756132 0.082809 0.063679 0.146751
15 0.881132 0.067086 0.066038 0.085954
15 0.957783 0.030398 0.056604 0.058700
15 0.851651 0.270440 0.063679 0.190776
1 0.134896 0.500000 0.269792 0.998148
2 0.899219 0.518519 0.201563 0.938889
15 0.200781 0.140741 0.092188 0.190741
15 0.326562 0.460185 0.168750 0.288889
15 0.439063 0.060648 0.087500 0.106481
15 0.429688 0.271296 0.115625 0.222222
15 0.742708 0.370370 0.107292 0.398148
15 0.624219 0.213889 0.110937 0.412963
15 0.756250 0.082407 0.063542 0.146296
15 0.880990 0.067130 0.066146 0.086111
15 0.958073 0.030093 0.056771 0.058333
15 0.851562 0.270370 0.063542 0.190741
0 0.588679 0.789308 0.469340 0.251572
