1 0.195401 0.500000 0.390330 1.000000
2 0.865684 0.552411 0.268632 0.888889
0 0.580394 0.267068 0.278917 0.494941
9 0.471469 0.410552 0.021292 0.043676
9 0.501933 0.410261 0.019327 0.041929
9 0.564760 0.410261 0.017361 0.046587
9 0.596759 0.410471 0.019956 0.040316
9 0.627903 0.411815 0.020561 0.043004
9 0.660015 0.410364 0.019956 0.043541
9 0.691612 0.410579 0.020864 0.049992
10 0.470761 0.466753 0.022073 0.045154
11 0.503266 0.465678 0.026004 0.044079
9 0.533351 0.300113 0.023887 0.046229
12 0.533329 0.467781 0.024826 0.043032
13 0.564362 0.466402 0.027309 0.046894
14 0.596636 0.467505 0.024826 0.047997
12 0.628600 0.467781 0.026688 0.047446
11 0.659291 0.467229 0.026999 0.046342
10 0.691100 0.467229 0.026068 0.044135
3 0.470009 0.131452 0.021991 0.047028
3 0.501243 0.130602 0.020079 0.046462
3 0.533114 0.130602 0.020716 0.047595
3 0.564508 0.130602 0.020398 0.048728
3 0.596061 0.132019 0.021673 0.045895
3 0.626976 0.130602 0.021035 0.049861
3 0.659833 0.130624 0.022375 0.046767
3 0.689858 0.130355 0.023887 0.045154
4 0.470277 0.074450 0.023887 0.047304
5 0.502479 0.074988 0.027818 0.048379
6 0.533926 0.076601 0.026004 0.045154
7 0.565675 0.076332 0.027213 0.048917
8 0.596819 0.075794 0.024190 0.045692
6 0.627661 0.075525 0.025399 0.046229
5 0.658654 0.074719 0.026306 0.046767
4 0.690614 0.075525 0.022375 0.047304
1 0.195052 0.500000 0.390104 1.000000
2 0.865625 0.552778 0.268750 0.888889
0 0.580729 0.267130 0.279167 0.495370
9 0.471615 0.410648 0.021354 0.043519
9 0.501823 0.409722 0.019271 0.041667
9 0.564844 0.410185 0.017188 0.046296
9 0.596875 0.411111 0.019792 0.040741
9 0.627865 0.412037 0.020313 0.042593
9 0.659896 0.410648 0.019792 0.043519
9 0.691667 0.410185 0.020833 0.050000
10 0.470833 0.467130 0.021875 0.045370
11 0.503125 0.465741 0.026042 0.044444
9 0.533333 0.300000 0.023958 0.046296
12 0.533333 0.467593 0.025000 0.042593
13 0.564063 0.466204 0.027083 0.047222
14 0.596875 0.467593 0.025000 0.048148
12 0.628385 0.468056 0.026562 0.047222
11 0.659375 0.467593 0.027083 0.046296
10 0.691146 0.467593 0.026042 0.044444
3 0.469792 0.131944 0.021875 0.047222
3 0.501302 0.130556 0.020313 0.046296
3 0.533333 0.130093 0.020833 0.047222
3 0.564323 0.131019 0.020313 0.049074
3 0.596354 0.132407 0.021875 0.046296
3 0.627083 0.130556 0.020833 0.050000
3 0.659635 0.131019 0.022396 0.047222
3 0.690104 0.130093 0.023958 0.045370
4 0.470313 0.074537 0.023958 0.047222
5 0.502344 0.075000 0.027604 0.048148
6 0.533854 0.076389 0.026042 0.045370
7 0.565625 0.076389 0.027083 0.049074
8 0.596875 0.075463 0.023958 0.045370
6 0.627865 0.075926 0.025521 0.046296
5 0.658594 0.074537 0.026562 0.047222
4 0.690365 0.075463 0.022396 0.047222
