1 0.202476 0.500524 0.404481 0.998952
2 0.865094 0.513103 0.269811 0.973794
15 0.109316 0.158281 0.067217 0.138365
15 0.032547 0.146751 0.065094 0.178197
15 0.804481 0.061321 0.070755 0.122642
15 0.878184 0.062893 0.041274 0.111111
15 0.755542 0.178197 0.076651 0.236897
15 0.407102 0.262753 0.057652 0.234102
0 0.578066 0.270440 0.278302 0.496855
9 0.532134 0.296823 0.017689 0.047470
9 0.470791 0.411224 0.017537 0.043541
9 0.502086 0.412030 0.017840 0.040854
9 0.564738 0.411439 0.017235 0.044616
9 0.596638 0.410633 0.018747 0.041929
9 0.628235 0.412245 0.019654 0.043004
9 0.659077 0.413052 0.019654 0.044616
9 0.690947 0.410901 0.020259 0.047842
10 0.470715 0.467226 0.020047 0.046820
11 0.501769 0.465828 0.026336 0.049616
12 0.533503 0.466161 0.024794 0.047842
13 0.565252 0.465355 0.027818 0.046229
14 0.595337 0.466968 0.026306 0.046229
12 0.627873 0.467236 0.026306 0.046767
11 0.659924 0.468043 0.025701 0.045154
10 0.690696 0.467064 0.021413 0.045791
3 0.596357 0.242635 0.024516 0.046894
3 0.470942 0.131430 0.022073 0.045154
3 0.501330 0.131430 0.021166 0.044079
3 0.533684 0.132237 0.021771 0.043541
3 0.564224 0.131430 0.021166 0.047304
3 0.627419 0.131162 0.020561 0.046767
3 0.658986 0.131699 0.021166 0.045692
3 0.689828 0.131699 0.020561 0.044616
4 0.470791 0.075955 0.024190 0.047304
5 0.502842 0.074880 0.026004 0.049454
6 0.533745 0.076762 0.024794 0.045692
7 0.565342 0.076762 0.027516 0.045692
8 0.596486 0.077031 0.026306 0.048379
6 0.627933 0.076224 0.026306 0.046767
5 0.659228 0.075955 0.026004 0.047304
4 0.690675 0.075149 0.024190 0.045692
1 0.202344 0.500463 0.404687 0.999074
2 0.865104 0.512963 0.269792 0.974074
15 0.109115 0.157870 0.067187 0.137963
15 0.032552 0.146296 0.065104 0.177778
15 0.804688 0.061111 0.070833 0.122222
15 0.877865 0.062963 0.041146 0.111111
15 0.755469 0.178704 0.076563 0.237037
15 0.407031 0.262500 0.057813 0.234259
0 0.578125 0.270833 0.278125 0.497222
9 0.532292 0.296759 0.017708 0.047222
9 0.470833 0.411574 0.017708 0.043519
9 0.502083 0.412037 0.017708 0.040741
9 0.564844 0.411111 0.017188 0.044444
9 0.596875 0.410648 0.018750 0.041667
9 0.628125 0.412037 0.019792 0.042593
9 0.659375 0.412963 0.019792 0.044444
9 0.690885 0.411111 0.020313 0.048148
10 0.470833 0.467130 0.019792 0.047222
11 0.501823 0.465741 0.026562 0.050000
12 0.533854 0.466667 0.025000 0.048148
13 0.565365 0.465741 0.027604 0.046296
14 0.595573 0.466667 0.026562 0.046296
12 0.627865 0.467130 0.026562 0.047222
11 0.659635 0.468056 0.025521 0.045370
10 0.690885 0.467130 0.021354 0.045370
3 0.596094 0.243056 0.024479 0.047222
3 0.470833 0.131944 0.021875 0.045370
3 0.501302 0.131481 0.021354 0.044444
3 0.533854 0.131944 0.021875 0.043519
3 0.564323 0.131019 0.021354 0.047222
3 0.627344 0.131019 0.020313 0.047222
3 0.659115 0.131944 0.021354 0.045370
3 0.689844 0.131481 0.020313 0.044444
4 0.470833 0.075463 0.023958 0.047222
5 0.502604 0.074537 0.026042 0.049074
6 0.533854 0.076389 0.025000 0.045370
7 0.565365 0.076389 0.027604 0.045370
8 0.596615 0.076852 0.026562 0.048148
6 0.627865 0.076389 0.026562 0.047222
5 0.659375 0.075463 0.026042 0.047222
4 0.690625 0.074537 0.023958 0.045370
